20652445.799363073
14873068.799701309
14023143.9539742
11165251.276945585
9973586.758181822
10348045.98905876
10635442.644525686
10024958.420885324
9946048.303770367
10319592.771300076
10159009.627558762
9421838.312448785
8853502.178779433
8660058.31480121
7946768.26037551
9254798.898428926
8170434.213426882
7348180.520564508
6363588.677832794
5498487.476571131
5789783.743826678
6025741.476928489
7124970.161916074
6275644.024597661
5611457.0747886365
4970598.234985644
3917576.6853093486
4673668.329063175
5762618.806294317
5090856.152615815
5272429.680063397
4388741.149208904
5338555.295370715
5289054.708786887
4655612.162598318
5734915.589274309
4800035.019244903
4946117.264327293
5821913.651736446
5250331.405635589
5077010.970781058
5630661.009578433
5687138.230282333
5918051.951351138
5671963.218796035
5368737.454415467
5854450.5268832985
5572088.470365649
5880815.483875582
5723594.598279029
5782760.516843605
5393660.824546741
6029741.723015107
6514974.59930268
6131463.296858002
6413167.228785226
5075369.47913353
6115071.273112221
6219631.469800912
8107791.520671666
7279447.303116163
6994859.190612697
7202722.6941272
6552007.409273838
7964713.04568094
6974242.014869815
6544736.3396896245
6358152.208412585
5301655.526335703
5606015.8932396
5907513.386590533
5816294.541777244
5064322.372284744
5382838.292299479
5931435.835359303
5922278.062759186
5868557.078461526
5702460.450071779
6173747.529084444
5335413.783387991
5862516.20579625
6421484.449688839
6077037.541778558
6095774.826388263
5771718.762348318
5863577.194739081
6951617.301565547
6281163.170515302
6496132.981005465
6566318.601064013
6025178.87101207
6669691.151824368
7132999.331306189
6045777.125104683
5881633.361203937
6361449.667990356
5963813.276954499
6100855.633563215
6657207.193540003
6543731.025384569
5610025.937047271
5421474.816068669
5786642.231843954
5431369.038968532
5423477.280160514
5683521.584414974
5744462.675787899
6768645.061872596
6566473.280332402
6232589.891713485
5902716.546902237
6900772.717963178
6357378.597191411
6385261.086669852
5718202.77960332
6627377.553266778
5405814.511635968
6083234.437760487
5052420.569669053
5568810.507211775
5062136.86415875
5625803.740969095
5291564.732259363
5646064.656396488
5880283.650491182
7229909.589178078
7223261.863347038
5560347.060712562
5519099.566721785
5832132.77462011
6478107.89598834
5275387.816703011
6508385.649428704
5987048.253659533
7411378.398300831
6518421.72827822
6447321.9429426715
6114312.129586488
5953785.011553099
6389271.130477522
5649864.944368227
6482524.864878653
6963373.197771911
7250641.52443151
5783934.996970327
7128152.179604183
6317145.830589428
5971575.74754425
4754594.437412305
5353918.063019985
7283233.114805189
7017203.612523227
7160895.347926961
6622974.111518796
5577611.677013526
6291613.954328409
6606231.221965465
7765444.685553534
7298432.719481529
6235475.416337993
5258817.503206348
5674971.3585336525
6436105.67027222
7350661.539046551
7432109.374143316
6837514.73049209
5606015.8932396
6981932.832855405
7344919.494787966
6796665.004087574
5914536.922489319
6706735.783548875
6344540.671780207
5536497.86418357
6674523.808385827
5600099.2886514105
6660065.046951782
6448455.58605505
6671232.318089621
6195494.895550262
5649864.944368227
7903389.622415415
7097783.224710758
7011890.759781513
7152596.664036298
7230514.993988531
8182901.349814883
7485226.606594502
7413376.843816877
6476982.417394231
6721243.204032652
6792613.772195405
6855699.183609827
6480312.644950877
5789742.864657893
6511824.005545181
5985001.1809776295
6174411.709851961
6597798.856913983
7841496.949256713
7552391.90382137
6620916.932200124
6925509.344670783
6804104.280082505
7791369.959754864
8199060.368582955
9431241.283391247
7959523.767463281
8000633.519563002
7650856.223463442
7701965.876198799
8146789.016885171
6835580.124132085
7281335.967108403
6181000.659725936
6279324.467466622
6959587.386082886
6918765.354187704
7105314.011074461
7514878.916527792
6941563.645114027
7369871.187530561
7847545.316183827
7433527.9674499
8688313.756655684
8489950.05323874
7930210.140243475
8077107.2267859755
6771499.505049374
7599385.877167723
7626898.579188343
7917041.364424739
5669713.221018765
6395792.180465219
6799718.735122801
8041149.892310928
7536213.644216753
7094756.205477311
7341811.367712186
6341174.969833278
6725185.347954044
6650258.562844975
6655178.017646376
6865817.638628337
6698450.626800544
6125976.866494233
6621460.9486785885
6880988.280468685
6772135.031896611
6984503.285248923
7615924.084354665
6357155.656696028
7235402.023293935
8608100.445969362
6814986.23968542
6480869.846088794
7259599.026465626
7336839.64850801
7973057.287302048
8343204.586799777
6800872.217141955
6810711.126744759
7871318.799378423
8393738.182197994
8734393.883911313
7855693.69045205
5585531.439246591
6749254.022318414
8258588.2190027945
7186436.348117193
6681825.598077052
8199248.7649706025
8300357.4397412045
8114238.999233307
8614575.595743734
8009550.473737292
7572651.4752004985
6170191.312138127
5885053.778377693
7806531.786581708
7319799.8726664875
7171996.827519695
7718413.574582356
7790336.974237077
6615453.793132573
7549533.399914356
8252251.195756798
7966474.051122286
8273421.137540605
9145428.687663054
9509022.511677092
8036216.312296962
8135198.587110952
7850258.264751667
7069882.838444038
6306832.457358415
7810547.544083592
8131595.125903045
8537516.673687235
7290608.8605597885
6899602.607482404
8704706.73981241
7734907.576674391
8038342.73555018
6929364.347869349
8050194.53506787
8051926.216332508
7933347.591495961
8344778.178561026
7941225.182936979
9050990.005157718
8542889.95534999
8547613.181457791
8323964.816278983
6408970.08021317
7628598.1962977005
8040526.899627906
8090082.201438561
8072941.15966165
8607954.22037376
8283566.304360896
9391749.081147602
7779477.281068388
8263390.772385303
8988302.722670274
9251222.468209082
9877033.281284845
10957955.240524469
9164452.00594615
9549377.508754866
8778859.871545866
8805567.880897585
8785448.821419843
9879040.499659954
9820001.908337308
9655342.131383142
8315587.166454328
8361132.424457313
9727690.010425908
9580537.961387182
10197611.134901522
9655918.573357606
10759385.595001752
10089552.153175307
9832873.550867775
10250938.72125887
9313776.37845142
11476480.725249631
10041414.804446569
9642740.673609653
9705358.73102039
9738682.402047867
8994825.872411871
10618999.475106781
9702227.01675872
8577090.6118752
8316598.194453598
8831958.205643386
9295807.352709388
10668629.373205481
9352898.793237248
7329084.630025661
9008003.772159822
9386042.830465576
9828341.78031247
8331229.170603594
8458363.777170116
9030102.04658763
10072012.98247142
8907645.074831298
10246215.13381035
9371616.837010408
10594543.116496315
10237180.318806222
9426348.849307338
9903831.480253669
10347200.595397616
9929075.97879303
9186321.987525078
9029032.242631296
9402613.143962236
10060558.31031532
9583020.96414216
9523036.18554168
9532794.010598755
8756643.73628822
8969102.17925764
9547269.005586533
10092972.570349066
9488551.561529813
8844687.992224196
9143455.960970676
9389706.069195932
9524215.419951668
8919620.491027482
8996249.196705122
8928747.158883264
9189490.520225296
9566111.967932014
9734388.39075354
9696466.050849864
8937425.713571908
9421131.590961235
9846380.049989047
10118902.598833663
9282392.044770611
9697682.080401802
9436403.82651052
9128942.826792682
9064148.023844453
9956656.58069993
8253010.29712809
7781662.789194381
7758448.810596915
8499450.87819829
9013316.624901537
7725893.037096397
8612539.704590507
9885856.740817422
10462539.05822639
9526616.036267092
8672923.252342636
9309785.232997416
9867532.094984574
9317338.30909195
9535367.202970842
9882816.536924528
10682519.472546013
10124594.32080797
8886525.455331767
9113187.312601691
9025617.539151754
8062058.198493348
10284875.268062035
10167511.671212038
10431940.518860819
9680700.430022107
8862058.628743816
9786426.695319178
9730900.073693505
9210404.189031782
9137676.096708154
9319876.027073761
9199398.270267492
10433827.24073456
9857384.62470507
9526131.104661403
9304704.425822465
10203930.261359239
10589929.320842171
9573665.044026548
10483287.930857154
9872793.985217342
10255542.742488565
11649785.648688892
10743620.95688154
9559957.604082847
11360602.596730506
10045241.80422009
12484171.123546982
11668721.104110697
11443114.52208939
11133808.349923024
11084198.332885543
12007880.550329382
11049571.852924021
11820061.510004578
10932669.553900613
11217267.464125136
10851615.116744163
10363629.395427508
11336720.665789803
10613975.344134992
11683831.31703
10918623.431243429
12753536.98030256
11318545.655787556
11185882.128878942
12020020.088909445
12484563.177439028
12355499.720361156
10736030.10293751
10106135.993814303
10440367.189075923
10634395.308476722
9525032.337869076
11183546.002214795
10982238.04037072
12122920.897162328
11618606.29770291
12134246.257803557
11432076.53916982
11537186.466031192
11365028.32820932
11471751.743293172
11097329.33085478
10360135.364673255
10518640.777778255
9961901.533555364
9620723.46486974
9004570.170326615
9280439.180281611
10666287.841762835
10600610.339622656
10214720.710593382
10341740.515494915
10842862.948475024
10774593.013126208
11560798.26463992
10233590.384740645
10279963.626708752
9817477.717497835
10049091.093724439
10461505.090001052
10300333.630106924
10607423.212699564
10160578.324930364
10300598.699239912
10201542.81084543
10349238.87636262
9053475.416582314
8855076.280929528
9247632.866355823
10108810.803191932
10791986.940942043
10955110.903984455
10942359.13658853
10463804.089310938
9954126.676166238
10017334.70269377
11004034.408369152
9880164.01727773
10536696.944243113
9903845.007396003
10136903.048506306
10394707.129407948
10207249.061527455
9749038.2652572
9711778.164002547
10067147.260189297
9356688.015161274
9922111.52776702
9919071.323874125
9601621.147085482
9578887.345810438
9949280.83494533
10126629.210395811
10433759.34084828
10756175.874217035
11033421.649169454
11493730.812842878
11248464.711899394
11146884.632665439
11401351.015045194
11428968.435390646
11427692.338258384
10354977.552540647
10167071.371493014
9186838.000578498
10962444.478947012
10043982.283124441
9987843.745134028
8673887.378563195
9927350.766928243
10885477.090555886
10594543.116496315
9512729.666347837
11093237.26194827
10463594.694815723
10247216.397655739
9478952.168459008
9385269.561727284
9523593.729162475
10352678.191890044
10468752.506948331
10000199.374611074
10011186.052538814
9191154.301603654
9534525.69186339
9784670.059523778
12000583.130284103
11316382.437392393
11513611.514989411
9904238.405336315
10179394.575474063
9892907.33100087
9987510.776114756
10484984.13773151
10595561.957943702
9218391.851151126
11807395.17794249
10714886.830801046
11237555.038929312
10881472.76044243
11337091.123504052
10610870.650590817
10520094.205250451
9738791.832501525
9702286.101631494
9676941.330134863
9406732.618223565
11217449.16411102
10665501.045882208
9767529.017746868
8874572.34772425
9601071.416912803
9060558.08977888
9955041.800854186
10616787.255179005
10016425.291700037
9853461.721620226
8920830.788027365
9915883.550337361
9301549.077781698
9803906.41980957
9326852.66119383
9203279.985267838
9980386.572350817
9855707.65866726
10207464.169716885
8428553.377733437
9606805.671019876
9526240.535115058
8864312.036756087
9685532.74410068
9248953.572078144
9343606.018724645
9821779.542240275
9746065.961250583
9569545.569765223
9110058.676362706
8860823.71969605
10365617.734306788
9000532.123093897
9171780.84992204
9031244.462559072
8565087.192253971
9032940.669433428
9529687.664090598
9857343.436620573
10303198.603413785
8925334.555157624
8615213.222344873
8403366.695740195
9593627.771271924
9006334.27708725
8994377.75924473
9334309.833977042
9284882.86097371
9720702.291400285
9958191.435200738
10420481.115718054
8971592.99546074
9883556.431026442
8949783.442802856
9410573.145139417
11252917.15517999
11484175.272656498
10017985.356318953
11734705.224809078
10310288.28192783
9786861.281343983
9287969.966645317
10075039.018997317
10234473.083932595
10634408.835619057
11651487.569257462
9901572.358547183
9542472.165898236
9148256.192036135
10178553.06436661
10212196.519753905
9990925.4795943
9261819.500914397
9771410.732747214
9655003.448669659
9983495.018612871
9746514.074417723
9350588.366538933
10219544.262083458
9345736.81162381
9203801.712015474
9012529.829020912
9917008.43086124
10270613.420287354
9422040.361730298
9641038.753041083
9386083.069409689
9273543.97319015
8887091.429328745
9822716.956659054
9714534.400408788
9473639.315717293
9054906.554323679
8728160.192787437
8687878.785993554
9230055.894505834
10164826.726069244
10211748.406586764
9580016.234639546
9693566.358858356
10125435.831915425
9613788.018834164
9622982.586576225
9833837.677088333
9365489.184963023
8723327.53622598
8841980.75735057
8317155.0445213625
9554745.07672341
10092893.243074356
8807307.375610339
10681316.988994246
10173089.593086744
10422529.883518377
9519129.85849345
9563839.319083197
9912449.948504152
9371543.223429913
8402200.62713182
8456552.76863077
8903893.788392173
7381789.566182868
8682940.432838485
7721550.024269457
8919601.592673814
9694855.64065007
9683401.951201519
9832400.825652754
8876091.22425867
7984858.764535462
8587962.488137953
9566499.65217811
9265546.17530564
9928233.466120189
10319435.947891181
9340185.60155089
9936524.336562736
8673942.093790025
9450031.939179512
9711046.08334875
9515193.42826627
9779037.422422243
9862181.464393364
9867033.019308487
10128508.461304316
10080304.969960319
9447330.4180001
8655912.639126949
9153459.614324192
9814322.369457064
9254605.107533345
8055734.317752363
8645048.576312313
9383884.034141364
7796544.709264806
8713359.699745623
8347615.841995877
9438597.148084627
9192022.524512889
8775475.271245271
8285304.041802629
9033117.999773363
9819255.351400802
9481563.50002131
10866538.224899082
9705334.118972508
8188012.2601687815
9233686.067515528
8491247.14847857
8650151.673218094
7547336.464399936
7677375.475086796
8361533.635845741
8791706.90202845
9782872.23564388
8342302.989254163
8287950.847755212
8515302.638183488
9258596.25298735
9315079.187385464
9830037.987186825
8504750.546280554
8668175.414186954
8613129.331224421
7521964.981101521
7811505.956609938
7684045.851989382
7091404.030672714
7263949.852740685
7796435.27881115
8774849.827738196
8939828.79098195
8905153.309487818
9766646.318554917
8840718.18736064
9170532.756214825
9462679.349591332
8826781.495157111
8416768.47653664
8794318.233590752
8067513.505254946
8279569.787695557
7956290.745111784
8120589.549621635
8814111.795014462
8658098.147252942
7542206.655692372
7101603.912719833
8506697.697075339
8454279.521711722
9018738.908096908
7633242.456471511
7701553.579904822
8303734.3653712515
9517520.79234192
8830608.49493063
9208355.772301609
8825071.761140423
8785429.923066176
8109760.96119728
9006727.675027562
8274874.565012801
7940752.45772196
8839008.453343952
8482935.279928455
9896273.0329478
9048711.002390018
9571080.424266031
9761565.511379967
9499939.450845985
8626864.081040135
8229342.834152149
9346537.134646768
8019132.085500783
9355046.523513744
8271773.932198862
7622282.490345551
8536879.547204379
8217888.802220718
8568433.397777006
7189599.509606078
7884179.333706736
8825350.357415745
8281361.897881237
8414066.955357227
8225368.264734759
8891942.984243868
9652228.313909752
9938275.25866392
8630019.429080902
10364112.982984928
8751264.740931246
9632963.950198913
9071102.368233697
10269982.263086064
9244102.017163021
9628743.55248508
8494795.894459648
9632666.455569925
9976553.858883081
8746473.614937168
10004651.817891667
10230463.040124925
9349705.667346986
8871084.030664213
9313328.26528428
8958442.756654954
9575625.977551015
9185996.489471046
8831097.796182267
8234175.148230725
8452671.053630421
7633493.99846217
8300415.565203033
8366358.136476202
8575740.901162446
10165640.233751649
10493058.94057368
8821976.842020698
8947767.451568682
10510766.957912954
9605689.966850216
9881024.426738849
10581351.689606031
10653238.270822207
10221762.19570545
8818386.907955123
8907671.78663308
8701837.767927915
8845949.613073744
9268632.331836866
9477310.67681148
8075975.9923432125
9401391.762056803
9076044.112765929
9114877.805781832
10413627.096711086
10296200.971186144
9773683.381596034
9995300.917917239
9661116.624434331
8493900.010608248
9154355.840658473
8877584.89067498
9876757.127246303
9095728.586218862
9277087.005477013
8354204.791869853
8903735.356405905
10726761.921614954
9429342.151421523
10040444.964531792
8963029.242437085
9960802.76676304
9690159.46882693
9351104.379592353
9327762.072187563
8416320.3633695
8152653.6995534655
9038221.096679145
9493826.275081312
8751767.569325216
10015067.767539164
9467498.479010457
8605890.325795488
8844179.792618893
8353601.6380936075
8627929.824266233
9149455.284210736
10599695.214934709
10354429.113991229
8798167.523095103
9736477.995568207
9938736.556490513
8951914.235702021
9523098.714216622
9280086.021285413
8191621.435070905
9640645.355100771
8994012.364729464
9660114.359023558
8520140.66595628
9081215.452040872
8352828.369355315
10284083.100970076
8718645.840685556
9822200.943605633
10354035.716050917
9812639.689725043
10177670.36517466
9203463.029301988
8987158.345722498
7550410.385412091
8124580.35259276
8496478.574191673
8696551.626987983
8434234.673884703
8275281.147612564
7543815.721843901
8681677.520365676
8837454.102419252
9801816.814994903
8627718.776807038
9306217.58866267
8838418.82671004
9594455.755237045
8521571.803697646
7718123.893401485
8296880.346364286
9187299.29840509
7833356.697352318
7904063.084747554
8987619.64354909
8979599.55593375
9231413.418666707
8613339.685130581
7826325.348005418
9152530.962493917
9046511.967121692
9196297.63745355
7754026.470495266
8546298.945135318
9389951.257267704
9719798.251617888
10272716.209761472
10718896.874608716
11055720.503078973
11646671.831215503
9631450.78735871
10266955.243852617
10645401.227241015
10288764.7965105
8355787.1462196
9517017.96394795
9764040.70068683
8767711.841244575
10093881.981342798
8191418.552129978
7590276.104534832
9876099.258243231
11122755.529380022
10178776.945415104
8771126.544724116
10040819.464118442
9489748.331387365
9427632.759887716
9429899.695042318
9192077.239739718
8693118.025154775
8544168.152236152
8523268.010572001
8383390.090282336
8980441.067041202
8862181.243856924
8645748.231470112
9073173.074694699
8085998.544050396
8863845.02523528
9000106.299657589
9502559.544996785
8754378.900887517
8759265.930192923
6695459.424440261
8587446.475084534
8537159.092620082
9038844.44043232
8450859.702608194
8200796.761976421
7436603.00550841
8691028.420340106
7835525.629441694
8835397.52117081
7816180.181185126
9042168.95429475
8220467.708287023
9428039.342487479
9542485.350557687
10083785.473572237
8937597.330217628
8806261.224290939
11065404.372072672
8624902.805032788
7370021.806068715
7974346.911576641
8361580.537624453
9296533.719668971
8058468.264427773
7950189.804866183
10068966.082176758
9938859.171603618
9772013.886523461
8887151.85824979
7852612.298474658
9019036.402725896
8377364.055240491
9106666.262613991
9242921.823342087
8420540.761083333
7763688.049758135
9219978.627571823
9564185.815244796
9350492.46322761
9569892.065926822
8707666.633723048
9016534.159134367
8807331.98765822
8480627.156689355
7187081.630531046
8461810.906145656
7889214.530726238
9140249.289080245
8430727.458471
8566491.618193554
8312541.248867217
8178987.209318537
9292075.56269416
8388228.118055128
8762915.00155628
9147936.407676315
9341000.400856556
9553816.767376011
8145106.337153145
8870562.30391658
9122504.495456861
8673420.367042389
9975281.375691133
10911138.255035171
9679593.849781664
8589216.295539385
8775365.840791615
9251171.505700136
9384821.448560143
9821427.332384462
8627353.38229177
8353899.132722596
8615260.124123584
8268801.628192245
8938777.524038566
9484915.674825909
9087333.999016875
9163468.981371926
8203503.996850047
8227111.373387827
7918869.291483582
7782608.017061275
9033932.799079033
9467572.092590952
9325691.708209442
8994473.662556056
9235871.575641518
8898070.293808373
9434628.292361455
8921740.199021095
8720912.77584016
8328324.766483256
8411990.535202011
9735243.086520443
10348009.681009071
10592005.398514507
10394803.032719271
8416361.551453996
8452236.125122732
8798131.706221942
8540666.308033785
9794698.324925175
8859602.337790618
8948813.602888081
8761361.248701805
7712024.244779146
8217888.802220718
8635332.281822616
8393467.357216347
8898952.04385994
9325800.796180217
8752398.384043625
7611378.188586799
8877342.111272821
8286396.496830511
8060211.37308084
8109766.674891495
8742938.39609842
8516034.718837284
9188012.480705218
9626137.934616996
11222167.67808999
9881453.29906944
8940995.457660556
8511704.890669795
8176632.184300726
9055496.180957591
7928028.384835364
8432945.392092992
9128604.144079199
8915353.191534938
9397116.649116142
8456259.696072735
8755403.11354624
8225345.975003929
8385337.241077121
8340939.751399076
9398291.129242865
8645483.162337122
8078207.110624654
8730853.900518732
7860974.117697767
8030540.164793884
8104841.506395877
8853863.661612593
8382996.692342024
8412310.31956183
8266406.364230319
8766348.603389487
8776303.255210392
9162321.213046988
9604661.35097838
9591611.780037751
9026059.93862468
9393025.17827986
8115344.5967662
8134622.1451364895
8535773.565034166
8210513.056466118
8606750.735256607
7659332.83576427
8806220.036206443
8550322.51608532
7526688.207209323
6170199.125586245
6920958.675761814
7950733.821344647
8121988.2618670035
7793395.074918253
7285418.622931182
7754100.08407576
8040920.297568219
8428071.547447037
8715042.379477648
8919499.975668276
8843562.162559936
8899386.629884748
8535440.596014896
7715083.689508589
7895404.368965686
7168293.383412393
7200917.39928207
7656795.117782462
7139957.067072597
6627577.173337544
7007244.53863137
8291051.480569152
6300863.2372973
6787300.919453692
7303314.03509272
8712056.89081158
9412832.266845902
9042684.967348171
8868770.193730898
8147318.557080921
9028591.942912273
9552357.6262096
9231317.515355384
8713570.053651785
8447330.197463661
8784601.939101055
9438529.24819835
9262538.39690874
9019045.165314393
8662427.97542043
8839333.951397985
8856868.39111521
9004455.026178744
9393541.19133328
8231080.229111001
8099222.396436677
8924927.972557861
8805616.882430198
9619942.382683331
8993012.764118625
9144658.444522442
10265923.21774578
10010175.024539543
9941905.08919073
7777788.88764215
9403312.201049807
8776486.299244542
8713881.42649326
9365095.787022712
9145133.269491365
8973912.546088269
9773344.698882548
10367166.714020157
9158196.367574325
8071714.406544884
9161799.486299353
9742151.820754236
9610810.001133332
10769796.173437914
9649711.594035512
9178465.70310734
9291174.316218698
8901178.740070429
8645931.275504261
10077189.052733028
8307676.509292643
8623037.081266614
9104448.328992004
8968206.295406243
10139427.239345783
9691348.425236365
10062363.947643334
10417230.215436114
9594706.699157475
8290264.684688527
8579567.900935967
9333869.534258021
10065748.54794393
8493342.466987452
8378931.933307526
8174026.566432639
8605447.926322563
7938050.936542547
8488641.530610481
7140926.906987372
7686575.756523074
8227599.383016201
7710964.215247262
7483328.457332331
8135966.142155031
8649758.275277782
8359152.250096301
7383152.804037955
8582275.135809593
9079931.541460494
9308924.823536297
8939869.979066448
9931334.09893413
10724753.743828898
9349801.57065831
9061175.719837835
9256370.505917242
8085514.956492975
9199398.270267492
9119281.247529814
8831436.478895752
9293209.205806537
8442932.469409894
8961108.803444082
9376856.076171627
8896862.43904527
8524497.20592555
8231467.913357098
8387848.247257147
8367158.459499157
8072948.973109768
7677864.776338432
7900452.152574411
7677375.475086796
8329655.578842345
9707219.083575232
9641358.537400903
9880950.813158354
10956651.08754216
8929541.768212007
9649323.909789415
9054586.769963862
9765269.896040378
7849200.6438894
7754493.482016073
7787866.154576162
8108655.321509947
8856474.993174896
7830783.504980228
7010729.806797122
8204039.250740014
7945494.582183426
6788658.443614563
7733071.613604287
7809110.692648013
6825905.017726884
7789174.677204421
7951228.836290499
8948032.520701671
7938796.544338676
8131182.829609066
7929189.337819753
8742279.929025117
8484663.912298808
9416317.173670938
9234418.148169322
10138599.255380662
9209923.650368644
8274298.1230383385
8348105.143247514
7811025.4179468
8859263.655077133
9321403.06812645
8559170.587665781
8185054.432444878
8809233.528297557
8892770.96820899
9510008.90433188
9108288.855907856
8786074.264926918
8902664.593038622
8835181.453570433
8991488.173889989
8309353.475330452
9037778.69720622
8220412.993060196
8544506.834949637
8425392.315998456
7390500.546367509
8195218.840101716
8519257.96676433
8953779.959468195
7309542.012522381
7904320.340432428
9394409.414242515
10441257.701715989
9922687.969741484
9677334.728075178
8562101.703587903
9107805.268350432
9909816.327211017
9932275.93542386
9648015.387161156
9192809.320393516
8345275.29326078
8086030.969546394
7501275.193343531
7475449.883183763
7212616.917027064
7197404.127691272
8138613.290590494
8184103.83336665
8368950.569684838
9671065.562561018
7422914.806401254
8430618.028017344
6957776.377543541
6649846.266550998
7094289.193956506
7719825.813970056
7499172.403869412
8826713.25278795
7544657.232951353
8970743.670905171
8315833.337233652
7450004.786304854
7050210.89056805
7457170.178153292
6770318.309663052
6955993.029946359
8577852.795707943
8190815.398353733
8830527.06790202
8979164.96990894
9182822.243076613
8381300.485467668
8287950.847755212
9283580.052039666
9275226.652922174
8177556.071577171
8068938.929302096
9040106.061281865
9214794.103637433
9509519.603080245
9460480.314323006
8365978.26567822
9072337.277281461
9707448.335835056
8445675.178673802
9432497.49946229
7851203.107981242
8652675.864057573
7802611.932391146
8558539.430464493
8550308.988942988
8236311.654824104
10182786.989222774
8747598.495461047
9032643.17480444
8746555.041965777
8320365.107788958
9727277.71413193
8164094.204342565
8113364.422405188
8630983.555301461
8708379.816023178
8808350.829105606
8021527.947532938
8487169.204784619
8196270.70511533
9035519.575499734
9188140.809512543
8768411.496402372
8871742.497737516
8381355.200694496
8814866.165399088
8660609.153432967
9238789.164421307
8772293.211402722
8651747.554710174
9558520.752647264
10036924.22197576
9626416.188409435
8641738.187662441
7478591.704082198
7962554.196931726
8911723.018525247
9089003.494089449
9293168.017722042
8998109.549259963
9019077.590810392
9785287.689582737
8521443.474890323
8761612.192622235
7773778.843834479
6785273.84331397
7576691.279704237
7555384.555440322
8448329.798074502
8447420.38708077
8245372.180064631
8956888.40573025
8264275.571331155
7979586.150737861
10035500.897682512
8630196.759420836
8833242.116223764
10003553.64916957
9817349.38869051
9831075.726987878
8905005.739843948
9109143.551674759
8880991.780706406
9333835.009008119
9458322.809622059
9019342.659943381
9064955.817832647
9581332.570715921
9155603.934365688
8306793.810100694
8390943.16637687
7445729.673364193
7208227.002421412
7854343.979739295
9888339.743572405
10433704.625621455
8325188.659279035
9858313.276535349
8772951.080405794
8881120.109513728
8079848.944755062
8425834.715471381
8959893.135232866
9342961.676863903
7885782.68616405
10074869.502105499
9134507.564007936
8173843.522398489
7877809.50032742
8082856.72315196
6491138.568575304
8051784.702865736
7542445.013023578
7504846.229055441
8273172.64444423
8075582.5944029
7934863.163005782
8532755.6508721
7811683.885020102
8777999.462084748
8159193.647894828
8042780.650123059
8763614.656714078
8021317.593626776
8613326.500471132
8594551.43801193
9185461.57806396
8611624.57990256
7563601.812302374
7408917.685276681
8019831.740658582
7625337.170521161
7691856.183768791
7888015.096068755
8348580.566286666
8862948.798901001
6599321.124825569
7739152.363872959
8221825.232447894
8561260.19248045
8772109.569298342
8697630.897356413
8677424.697155844
7973980.225438111
7853109.070691531
8355507.600803897
8449122.307649342
7347534.19443083
8294965.621065498
8640910.20369732
8948032.520701671
7955137.26309263
7800554.753072476
7459327.68285424
7328562.903278027
8003389.755969241
8074279.785468857
7209631.428360995
8174149.181545746
7932732.370106618
8010705.072802798
7070301.946620747
6912496.1886735475
7532313.030862738
6958726.976621768
7813636.749509103
8444664.150674531
6511806.066602461
6298161.716117888
7938092.124627044
7390074.7229312
8264581.828548641
7689990.460002616
7445030.616276625
8006883.786723493
8083323.734672767
7344887.388478246
8228378.707931589
7584982.492629664
8471527.200635353
8414134.855243508
6574940.479549497
6722581.829839859
7593796.847090866
7963693.202668167
8559042.25885846
7140350.46501291
7608154.940659754
6763614.215641205
8622086.482188385
8066679.80759561
8310716.713185539
7497754.450787498
6996197.431782585
6942937.745311515
7576297.881763925
7257823.492316564
7940236.44466854
8418953.984662633
7256430.49376541
7570433.541578509
7882341.270882726
8309359.189024667
8891014.33241359
8627665.353203472
7745184.112609019
8629964.713854073
7976920.10394873
8817445.071465394
8882742.70280759
8524835.888639035
7728201.160335497
8037019.684214204
7878508.55741499
8760981.035420945
8501663.098126065
7602049.5783432
7700712.0687973695
8817912.0829862
9283451.723232342
8603751.719448207
8537571.388914062
8322889.298628435
6641451.67934901
7793334.645997211
7781282.918396401
8386779.4448662
6378645.424994094
7848989.596430205
7206943.091841034
7042670.999132967
8543725.752763228
9761062.682985997
8643095.711823313
8251586.97283484
7210486.124127898
7227116.866545604
8523017.066651572
6716561.508492228
7705779.69131287
7808839.909820807
7979659.764318355
7944666.598218306
8030430.734340228
7682221.316307704
8186878.968126557
7764652.175978695
8940656.774947071
8563011.114581635
9373239.430304268
9633466.778592883
7973138.714330659
8449378.965263987
8424660.23534466
8602136.939602463
8587066.261803674
8035669.9735014485
9339153.575444048
7994793.226379437
9054403.72592971
9866584.906141346
9082693.491560949
8919208.194733502
9192910.937399054
9131576.448085817
9295875.252595669
8804843.613691906
9077814.27570366
8703378.336122936
8839776.350870911
8242331.976171734
9011172.30486004
8622949.940543788
8685248.556077585
8937977.54349849
8320277.9670661315
8584908.757102726
8907712.974717576
7962900.693093327
8145961.0329200495
7247956.579288715
8395685.290838338
9257795.929964392
7690499.0020908
8581808.124288786
8035227.574028524
9194153.317412054
9678624.009866888
8883644.300353205
9617248.332469156
9213613.909816494
7795703.198157353
8081288.845084927
8368685.500551848
8084635.30619531
8074178.168463317
8149238.996073923
7836402.614939429
7132682.938323536
7232424.005593104
7346802.113777034
8241944.291925637
8259891.370419719
8574003.506203594
9686570.483901737
8363317.932583305
8701947.198381571
10141484.418664454
8817600.112074498
9083094.702949377
8027335.815220504
7548238.404428431
7189389.753770146
6541562.093295193
7872692.8762793075
7371780.199135136
7594122.3451449
7365068.634148053
8393567.682598624
8269195.026132558
8115915.325046447
8413626.313155325
7452616.117867158
8711174.19161963
7793971.516892715
8999351.929272963
7036584.877652959
7228862.0749525735
7644852.127082276
7788652.950456786
7306460.620544989
8527630.264235487
7447824.991873076
9292895.477623815
8061500.997355433
7612471.241684911
7262849.926747567
9208524.938123273
8519135.351651223
7380052.171224016
7642803.710352104
7012901.787780782
8528371.107477782
7707639.701384829
7469743.632501736
8100511.6782283895
7195918.274723079
7995877.867959202
8496926.687358813
7738269.66468101
7642748.995125276
7843046.280040232
8519257.96676433
7561620.944388329
8489605.656831041
8397532.116250847
7860974.117697767
7469853.062955392
8135640.986583877
7447005.770496455
7490881.533426866
6926772.257143593
7887545.035653665
7195096.004452172
8568739.654994491
9285710.844938831
9047997.820089886
7820274.700915691
8627508.422900876
8147679.529525235
7932677.65487979
7691421.597743982
7416809.4440847
8612511.701165462
8225854.517092112
9062743.59790487
8457929.191145308
8557949.205760349
9055944.294124732
8308192.522346063
8467517.156827683
8684392.568687418
7793261.032416716
7561104.931334909
8311896.907006476
7391328.5303326305
8432497.278925851
8255542.301415683
8353615.165235939
7964881.561007373
7662488.183805038
9031692.575726213
8709865.668991372
9202113.318589235
8620384.561619814
8370362.809072537
8141740.635206216
8849492.645360608
8529212.618585235
8327822.2805721685
9230124.136874998
10269222.179007223
9246374.666011842
8914782.463254688
8278281.455044227
7714507.247534126
7878943.143439799
8511407.396040807
8556335.023984833
9504342.892593967
8180216.404672087
7728471.943162702
9882559.281239657
9152421.874523139
8728668.39239274
7661130.659644166
7972983.673721554
7547763.579459507
8413599.601353541
8423174.382376466
9123611.075697301
8218304.489891861
7950726.00789653
7223106.822737934
7115311.950733766
7403115.53128333
7045391.761148924
7510517.005347187
8227463.583243642
8170396.393422949
7210038.010960759
7159695.913269479
7568854.236123046
6786956.523045993
8253526.31018151
8241048.065591357
9481815.042011967
9435863.201409219
7553464.116447319
8360006.945863204
9834138.220611604
8636086.652207242
8482784.661390303
8642579.698769893
8868715.478504071
8653639.99027813
7410613.892151037
7209264.742222466
8114571.328027907
7696660.836905203
7751908.862255553
8534186.788613465
9102289.532667791
9021129.056434847
8987633.170691421
8264736.869157746
7433773.155521676
7925266.434734909
7662460.180379992
8030001.862009635
8795498.427411688
8626855.318451636
8878751.557353586
9772320.143740946
9512153.224373376
8974767.241855172
8238455.9748656005
8767963.383235233
9033978.409234481
8991610.789003095
6756801.384718735
6567108.807179639
8036095.796937759
8166230.710935944
8591972.531945623
7820938.881683208
8462387.34812012
7088121.645447888
7825899.524569107
8024331.0857178895
9062798.3131317
7596823.866324311
7940575.127382025
8652391.896570915
8107475.12768901
9910699.026402967
7851732.648176993
7211002.137181317
8746596.230050273
7811080.133173628
8574560.707341509
9098307.492285168
7907780.996550299
6851779.329419267
8581318.82303715
9553267.037203332
8539947.75452232
8851275.992957791
8406284.284519983
8353248.47909741
7459909.838522917
9677334.728075178
8467965.269994823
8968612.878006006
9052794.65977818
7400523.098074693
7347927.592371142
7553070.718507008
7938261.290448709
8509492.67074202
9181825.691360055
8650851.328375895
7914621.488414933
8159242.649427441
7665074.560836579
7870081.5447170045
6528859.967656548
6708142.309242361
7578780.884518906
7774117.526547964
6455825.618115436
7255318.199830752
7605278.539964461
8250229.448673968
9273937.37113046
8045318.368104867
8873493.419838699
8794679.206035066
8067668.545864051
7706024.921539084
7104630.931953278
7409439.4120243145
8001021.203809098
7843453.205122877
9203517.744528817
9052890.563089507
8163583.90498336
8265651.993845693
8631885.152847076
7569247.6340633575
7631098.136430016
8746344.688059617
8041381.93787769
9267009.738543002
8636186.97758952
8103904.091977102
8686963.661305606
9195516.555267142
8663410.999994656
10175465.61621212
8998877.10430404
8581379.251958193
9153066.21638388
8200851.477203249
9482926.737876398
10010623.137706684
8605035.630028585
8276136.185862348
8611976.789758377
9257613.228413122
8257266.511715084
9570116.29804547
9015195.875810044
8631843.96476258
8495976.088280585
7030091.831090308
7138735.685167165
8366691.447978351
8803873.77377713
7769503.730893819
8016078.354465555
8166243.895595395
8345228.391482068
6914410.913972334
8512669.016890354
7870846.393349679
8706642.421064327
8145548.736626071
6915651.5367143145
7880639.350314154
8213220.291339745
8640068.692589868
7857879.198578044
7813746.179962759
8946729.711767627
8942847.99676728
8219918.320597224
8778977.11544764
8235477.957164769
8395734.29237095
8347487.513188555
7388309.324547302
8566051.318474531
7944090.156243844
8160029.445308065
8842314.068852719
8984377.497268377
9140656.214162888
9222633.246972525
8471453.58705486
8313689.017192156
7466648.713382012
7869130.945638777
6773874.526609367
7337675.445921249
7069392.535627015
6217129.568692266
6708847.678094375
7572219.938069975
8414889.225628134
8318220.787747461
7501764.494595168
8315641.881681156
8732563.634535419
7170185.818980349
7380967.295911962
8942787.567846237
7943309.074057434
8308490.01697505
8232377.324350829
8740523.293229718
9121493.467457587
8215181.567347092
8504274.429688368
9326467.076701635
7276305.48221773
9511745.350150349
8758904.957748609
8615145.322458595
8796503.741716744
7892404.061534024
8162375.707737378
7838724.265320861
8522311.697799558
8746481.428385284
9044742.146666842
8825314.540542582
7236251.005366625
7792113.264091778
8080351.4306661505
7808053.113940183
7244252.1946283
7509025.438684777
8159458.717027818
8514438.837345205
8945847.01257568
9269392.073432827
8188949.674587559
8096025.860311413
7503922.341778996
7539376.805705637
8152082.971273218
6034495.052301855
6919139.853774351
7800874.537432294
7427747.120479831
8801300.58140504
8482445.978676818
8861217.117636364
8288600.90331017
8349814.877264203
8543780.467990056
7893680.158666285
7845971.682268138
8047001.047836891
8978351.462226534
8627481.711099092
7991039.840186411
8332605.593118132
8084212.147558931
7845990.580621805
6733071.39306785
6297197.589897328
6433134.306818713
7558599.638849098
5970954.056755056
7338462.241801873
8231331.771101659
8429918.372859545
9544744.814747056
7069433.723711511
7931109.776812756
8303273.06754466
8445633.990589306
9431153.502443751
8815652.961279713
9582283.169794148
9304731.137624247
8899447.058805792
9132933.972246686
8771986.954185234
8712389.859830849
9161799.486299353
8104576.437262888
8607240.036508244
8178132.513551634
9110941.375554653
8133890.064482694
8329559.67553102
7538969.880622993
8185086.857940876
8110493.041851077
8946523.4185917
8839456.566511093
7765365.358278825
7975644.006816469
8714242.398937572
8558654.574612362
9197240.765566545
9476698.760446737
9073323.693232851
9328595.7698469
8343966.770632521
8432551.994152678
9015447.417800702
8193372.014689208
7466831.757416161
6847897.614418918
8485614.511377037
6984945.68472185
8697005.453849338
8221560.163314905
9011633.945169514
8937094.844306542
7430887.992237885
7116871.417282452
7748297.93008241
8297992.640298943
7513944.893486179
9133408.797215613
8091270.208707615
8760756.8033023
8469268.078928867
7435130.679682547
8110432.955412914
8491124.533365462
7926020.805119535
8202159.999831508
7576256.693679429
7243301.595550072
6461450.784251731
8343912.055405693
8703894.947246585
7176211.854022195
7710286.8498202935
8123345.786027875
8028766.9529618705
8075669.735125726
6857417.680215015
6839544.557784309
5872455.369498491
5563601.371229501
5434450.773428804
6918778.881330035
7408795.070163574
8109190.232917033
7823279.430418306
9235204.944049949
8732170.236595107
6531714.772174041
8409657.79991503
7293562.266212741
6072364.6190971965
8273863.53701353
8219117.997574268
9525357.835923111
8464905.82526538
7824549.813856352
8224974.8667944465
6967473.4311966915
8520479.348669764
6686679.252746079
7660731.548009639
8091324.923934443
7904721.5518208565
8477581.239102244
9503474.669684732
9830582.003665289
9468061.393842587
8934374.082290582
8022104.389507401
9543253.248084648
8558132.847864728
8743821.095290368
8839831.066097738
9034271.481792517
9176280.194981346
9688843.132750554
8431655.767818399
8766742.0013298
7766613.451986041
8955028.05317541
8346129.989027684
7155440.041165364
8435076.184992155
8971762.512352558
7792073.367630543
7427157.493845917
7593193.693314621
7615524.972720139
7763130.84862022
9207303.55621784
9199452.985494317
8642653.312350387
9855532.085598348
8269162.60063656
9482833.883459354
7679167.585272476
7158319.4907549415
6571045.237406816
7210582.027439223
6721142.878650377
7158270.489222328
8593098.010539733
10669830.874049699
9625981.602384625
8973336.104113806
8619881.733225847
9847362.072997885
9594327.42642972
9113885.676136227
8454747.131302757
8346706.431002146
9235483.891395422
7753720.2132777795
8394117.412771305
8889011.868321748
8663288.384881549
8982265.60272288
8412777.331082635
8746106.928798638
8106327.359364072
8589454.054800363
9502578.443350451
9300653.193930296
8347662.743774589
9273076.961669343
9291919.924014824
8613394.40035741
8198182.3815198345
7699264.355019388
7727269.459610935
7732943.284796964
8466643.220224233
7933240.569711921
8416809.664621137
8069121.973336247
8050060.492566334
7463668.938410157
8274819.849785973
8117611.531920803
7966523.052654901
8651047.899552375
8673426.080736604
8985808.635009745
8601282.24383556
8105817.060004869
8076375.10397774
8741310.089110343
7912042.582348628
8296236.004503544
9259424.23695247
8660690.580461578
8061929.869686026
8178987.209318537
8490466.06629216
7394565.305402008
8359302.17508142
7589238.364733778
9309060.965791738
9550322.736621762
8467517.156827683
9966802.090003101
9364016.85913716
9440869.796933448
8911553.501633428
8637911.18788892
7905114.949761168
7628893.729950356
7337479.217227649
7378233.349236553
7810855.901054981
8408354.990980987
7962832.7932070475
9746970.950173361
8976485.738460358
7995695.1664079325
7454197.874146676
7895152.484492147
7645876.339740998
7860023.518619539
8663859.113161797
8464105.844725305
9179740.851099221
7907658.381437192
8289647.054629569
7270470.902728382
7437444.516615862
8437864.846894393
8042291.348871422
7750144.755494918
8083506.778706918
7628281.471102733
8107840.522204278
8082408.609984821
7248926.419203488
8309943.444447246
8861252.934509525
9098137.97539335
7817015.978598364
7106726.250462161
9220088.058025481
7654989.822937331
8375159.648760833
8713332.987943841
7860458.104644348
8638826.312576868
9782484.551397784
8894073.777143033
7273429.679592667
7595338.0133561175
7680809.076920005
8229667.9897233015
9544588.482514689
9211748.18605032
8354537.760889122
7470224.171164874
8323011.913741541
7521443.2543538865
7616150.416227214
9080278.037622092
9017797.071607178
7849072.315082077
8311686.553100314
8071965.948535542
9583536.977195581
9328603.583295016
8191112.892982721
8323337.411795574
7043173.827526934
8421504.887303893
8009245.9316363875
8079070.911462937
7222707.711103408
7288833.326410726
6558689.607929773
6744044.886336142
5792649.026049254
6826773.240636121
7106597.92165484
8025537.991340608
8640686.322648827
8859963.310234932
8589320.012298824
8771546.654466212
9287896.353064822
8396174.592089975
8239726.358303647
8324246.822789306
7708956.037461204
8709472.27105106
7118100.612636003
8319578.311908333
8257673.094314848
7346660.257827381
8193019.804833392
8842041.186271613
7868049.319929095
8228597.22635602
8694136.866602162
8264919.913191897
7662501.368464489
8996563.267370725
8742096.884990966
8142005.704339206
7906368.7571626
7428933.027994981
8909624.65112208
8562230.032395225
9072962.720788537
8394437.197131122
7887334.681747504
8219945.981539388
8014660.401383641
8178987.209318537
8428954.246638987
8765384.477168927
8627385.807787769
8408428.60456148
8273543.752653712
8515810.83778879
8500814.116053376
8352901.9829358095
7476081.0403850535
8091791.935455249
7372234.02599649
7553152.145535618
7734333.234453835
6312729.565522707
8033164.681015638
7251212.252711757
8567966.043773318
8533683.960219497
8906450.404727647
9447385.13322693
9477214.773500154
9089967.620310007
7965607.927966954
9010215.992087597
8554332.559892992
8579188.030137986
8937113.742660208
10904191.724094046
9162763.61251991
9858294.035698803
7156188.697855777
8048033.0739437295
7823334.145645134
8126079.732703285
7897479.848567794
8457142.395264683
7882300.0827982295
8090822.438023356
7594638.358198319
7805176.362174737
8095206.638934791
8641947.943498375
7809314.734789731
8516185.337375436
9498997.614356255
7029182.420096576
8395794.721291995
9039196.650288135
8783760.427993603
7542865.122765673
8012890.58092879
9077366.162536519
7849465.713022389
7645857.441387332
7208227.002421412
7856177.278009472
8381368.385353947
8563961.713659862
7297369.427079486
8912124.229913676
8362749.304056959
8203511.810298164
8902495.076146804
8361268.566712752
9127525.216193648
9068979.388782648
8728667.443252359
8384386.641998894
8579622.616162794
7854343.979739295
9495134.797709571
9348451.859945552
8034915.603116822
7780061.536490968
8493126.399387075
8467632.300975554
8712802.498607708
7775964.351960472
8073301.182965583
8476685.012767963
8074142.694073036
7760912.91499823
8924873.257331034
9704037.023732679
7589448.120569712
7934611.621015124
7033979.259784871
9455276.89203495
9042157.52690632
8524442.490698723
7985415.016532995
8306326.7985798875
9110433.175949352
8083900.17664723
6699414.753021103
6864983.940969001
7016023.41870229
6285811.800335058
6666904.589676035
7269478.773082777
6542023.391121785
6631619.642641212
7797066.436012439
7066455.70601068
7330958.167239953
5944374.376210659
7434376.309297921
7588429.279122324
8570454.760222513
8929650.856182782
7833228.368544996
8082111.1153558325
7583165.4279132215
8128191.627248784
8804436.688609261
8597266.486333672
7864910.547924944
7933994.940096547
7167391.443383898
7473164.0496754935
8350162.322566184
8172718.04380438
8588355.886078265
7979572.623595529
7498650.677121778
6841560.206535603
8296277.192588041
8043160.520921039
8778018.360438414
8325623.245303844
7428263.133533251
8231454.386214767
6266236.757335781
8226269.862280373
9082944.084411224
8167112.11850463
7333441.169994933
8084165.245780219
8552933.847647622
7140885.718902877
7971333.419485528
7562691.10968538
7667420.8232658915
8389279.384998513
8740487.818839436
9106176.961362356
8655071.128019497
7847009.422069192
8903328.77380614
9027810.860725863
7205708.525276151
8347031.929056179
7580130.937714541
9146070.68391014
7986188.285271288
8602891.309987089
8168355.790140893
10013636.6297978
9270375.440489931
10086826.019948015
8828844.388169996
9374244.744609324
9047014.795515658
8259478.73164286
8010765.501723841
8013338.694095931
8919038.677841684
8217034.106453815
8103145.299521522
8363372.647810133
7762759.740410738
8647417.726542685
8374656.820366864
8318540.572107279
8953651.630660871
7532700.715108835
7745238.827835847
7450004.786304854
8193298.401108714
8709294.940711126
8089506.10194698
7650640.753933296
7418057.537791916
8139074.588417086
8167601.419756266
8625670.702559747
8718992.336847156
9517859.475055402
8557752.977066748
7922316.420459122
7916052.626156299
9390047.160579031
8508700.16116718
7280941.567602705
7360638.480598287
8850375.344552558
7679560.983212789
7746189.426914074
8662482.69064726
8306761.384604696
6763647.932760465
7997107.063312752
8617276.115357758
10371163.230685497
10126665.027268974
8829611.943214074
8050544.080123755
8632231.649008676
7809736.136155088
9035629.005953388
7112746.571809792
7775068.1256261915
8781616.107952107
8774607.048336037
9052538.002163535
8074183.8821575325
8459734.82847332
8728681.91953507
8363664.428744906
8267892.217198513
7233210.801473729
7216205.901952257
7570537.25833795
7961494.509882723
6639749.758780439
6555384.334903885
8673534.219566999
9479752.491481962
8083004.29279583
8674335.491730336
8937868.113044834
7758951.638990884
7400116.51547493
8168320.315750612
7681366.6205408005
7643713.121345836
6996454.089397226
7600820.38298965
7949884.839271959
8354469.861002843
7072976.755998376
7493534.053073664
8321261.334123238
8951649.16656903
7898627.616892733
8270342.794457496
8026082.007819073
8106172.318754966
7888102.23679158
8506908.0509815
8184171.7332529295
8305884.399106963
8009754.47372457
7430902.468520598
7915597.042023923
9106204.964787403
8597285.384687338
8965425.104469242
8774552.333109207
9140954.05986203
8384401.1182816075
8699190.96197533
8326432.330915298
8207257.383043074
8986243.221034551
8852647.993401377
8679520.015664728
8357081.192565146
7931407.271441744
8456503.767098157
7805223.263953449
8405789.269574132
8342248.2740273345
8153011.280620617
8127118.070574568
7598438.646170056
8243430.144893832
8543848.367876334
8387006.736149695
8321667.916723001
8889405.26626206
8292286.389616917
8334146.161313154
8426919.357051145
9538311.503552413
8901517.422783913
9204643.223122926
7585782.473169739
8058528.693348816
9031244.462559072
8221002.962176989
7103232.219707911
7244380.523435622
6607300.024356413
7596430.468383999
9237737.299407693
7681440.234121295
7794359.201138813
10552535.177085979
9865229.481734378
10183412.43272985
9788606.489750953
9468874.901524996
9469451.343499457
8366371.663618533
8862684.072250891
8494009.098579023
8705129.25822412
9393554.718475612
8294078.499802597
7711196.260814025
8578713.205169061
7135687.667826151
7650722.180961906
7109244.727607424
9450302.722006718
9573408.386411903
8445166.979068499
7767569.764758484
7108457.9317268
7189905.766823565
7248139.623322864
7613815.581186332
7867000.152739612
8277873.580821201
7273781.8894484835
6945983.662898626
6438739.291565353
6822676.056105626
6328107.098609215
7327917.963347056
7774945.852995965
9199452.985494317
9515600.353348916
9644485.882016623
9356769.442189882
8494347.781292507
9430170.477869524
8876675.47968125
9215588.712966172
7927900.056028042
8258541.317224083
7750564.8652370125
8002758.598767951
7951981.915051863
8365008.425763446
9228889.22782723
8899441.345111575
8446914.50979252
8095212.352629006
9395067.881315818
7814289.502888191
8076762.788223837
9094772.27344642
8115902.140386997
8053168.93882839
8147679.529525235
8435985.595985888
9027330.322062725
7757533.6859089695
8599470.89281333
9224952.797600055
8254288.494014252
9530862.144217322
8005364.216636039
7346157.771916293
7705828.692845482
8211280.953993076
6717878.442638835
6759216.487587437
7129866.272996253
6484677.947508649
8072255.629716414
9182434.558830516
7790532.201365292
7917863.977178526
7519747.047479531
7454014.830112525
8301516.431749261
8385310.529275339
7990701.157472927
8086656.41305347
8319633.027135161
8252963.395349379
8802516.249616258
8120190.437987108
7691727.854961469
7702875.287192532
7525398.582934731
7615653.301527461
8068632.672084611
7241102.560281748
7026609.227724485
8829772.697517393
7587446.254548098
7577587.506038518
6774267.924549679
7938099.938075161
6935900.6822704
8608094.732275147
8617792.128411178
8549970.306229504
8173490.714472444
8078371.256305139
9616909.64975567
9643305.688195689
8716902.732032489
8089757.045867409
9404541.396403356
8680429.426658459
8614167.669095702
8534918.869267263
8915544.647087432
8953848.201837355
8796110.343776433
9520506.281007985
8966082.973472314
8771620.268046705
8109326.375172472
8955082.76840224
7494402.2759829
8951359.48538816
8454041.762450743
7812328.226880844
7573257.677871029
8977958.06428622
8046735.978703901
8932765.016139053
8668207.839682952
8020814.765232808
8357313.23813191
8328256.866596976
8038852.033343999
8021372.308853605
8530176.744805794
8287557.449814901
8681257.41062358
7752356.9754226925
7948087.015392063
7968722.087923225
8373747.4093731325
8181620.83061167
8395387.79620935
8011153.1859699385
8733391.61850054
8944931.887887733
8956833.690503422
8354382.720280017
7713665.736426674
8217550.119507234
7951168.407369455
8056739.632057419
7814152.762562522
8689990.680539053
7880123.337260735
7299771.002805855
7188493.527435864
6698106.230392845
7515362.504085214
8782009.505892418
7764013.5478121685
7380661.636764705
7702611.158612652
9110506.789529847
8465692.621146005
6991058.860486521
8382535.394515432
6634043.508098413
8753979.78925299
7895133.586138481
7933125.76804693
7853814.782026426
8472784.399413949
8114442.9992205845
9747035.80116536
9357217.555357022
9279551.10987833
7602891.089450652
7917803.548257483
8119742.324819968
8827732.094235338
8323140.242548863
6947341.187059497
7785945.715583159
8020795.866879142
8908955.697213458
8259533.446869688
8852655.464366611
9029548.255684717
8848189.836426565
7096081.304142187
7009027.886228552
8209936.956974536
8977400.863148306
8115399.311993028
9391254.408684632
9203463.029301988
9207527.788336487
8903071.518121267
8248669.384055052
7632245.904754953
7972068.549033607
7903812.140827125
7943670.046501748
7898124.788498765
7441719.629556523
7359023.700752541
7468115.66799654
7982803.684970693
9149455.284210736
9829644.589246513
9672537.888386881
8443421.77066153
8106469.813383955
7356180.323623477
7408653.214213921
8807829.102357972
8557739.449924417
7330496.869413361
8060531.157440658
7900146.493427154
8198008.100074183
7760222.022428929
8376829.143833406
9608108.47995392
8629497.702333266
9629603.961946199
8631395.851595439
7927003.829693761
8659794.354127297
7680457.209547069
8287096.151988309
6668290.117261953
8258908.003362612
7572211.175481477
7954009.333674467
8025035.162946641
8800276.026263438
8587514.374970812
8715394.589333463
7009069.074313048
8293706.099969853
6894352.283415635
7418464.46287456
8869428.062733972
8752316.007874632
7648197.990122429
8982849.858145459
7033571.385561845
8008574.2799036335
8406237.382741272
8045711.766045179
8195497.436377038
8136089.099751018
8643672.153797776
9066808.35693937
8605163.958835907
7743217.122907458
7186526.880217185
7057802.105852797
8304188.192232607
6142948.391379325
8137662.691512266
8439995.639793558
8787377.073860962
8956678.649894318
8502952.722400658
8636941.347974146
8177582.783378954
8124900.136952577
7125531.073617431
7804701.537205814
7794624.270271803
7262070.601832179
8034210.832335037
9841554.20531032
9187673.797991736
6707273.137192744
6888177.72958954
7119023.550772066
8576609.12407168
7665623.341868877
8099568.892598278
7119064.738856562
6952525.710993892
6621463.048432493
6224490.838164153
5722526.894076596
6070872.454364558
5817179.3407230945
6250805.449575557
7140445.419183853
6795648.604876969
7834605.133542415
7838677.363542149
6539553.915509135
7097520.255331669
7495183.358169309
6760180.613807997
7497191.535955367
8672341.43915684
7690831.971110068
7699633.140911819
8052633.684938423
9154350.126964258
9602918.242325312
8747912.56612665
8397952.225992942
8732516.732756708
9099875.3703522
8492910.929856926
8163463.0471412735
7989270.019731561
8553810.833145356
8125348.250119717
8817526.498494005
7538068.283077378
8052598.210548143
7962017.9939013785
8994039.076531248
9008181.102499759
7943683.57364408
8078513.710325021
8485444.994485218
7641792.6823528325
8954900.06685097
8148662.554099461
8251138.8596677
7751794.060590562
6626626.574259317
7569641.032003671
6040690.604235518
7344190.782214731
7236795.021845089
6405009.037938113
7676602.206348503
7655084.434625393
7471549.269829747
7161460.362512995
7992397.364347283
8281987.341388313
8134725.861895931
8141388.425350401
6857485.5801012935
7532115.861616026
7320826.185079113
8047001.047836891
8773724.349144086
8450430.830277601
8495921.373053757
7351877.549740651
7639464.720206957
7858843.324798603
7515220.99061844
7124695.276204192
6853997.263041257
7403224.619254106
7183655.499663074
6316185.4570867475
7136984.763065981
7620370.813941047
7185854.534931398
8385159.910737187
7968539.043889075
7922097.902034691
8488477.727412878
8544126.964151656
8393228.99988514
8521470.186692106
8153942.981345178
7056474.342387992
8075038.577924436
7097858.938045153
7912884.09345608
8421491.702644441
8878732.65899992
8404866.67392095
8785607.253406111
9443932.290557174
7453946.930226246
7018135.31324779
8176206.360864416
7264764.6520463545
8853483.790814614
8020673.251766034
8515696.0361238
9745307.168795006
9311836.698621871
9560304.10024445
8879770.398800973
9153459.614324192
9405273.477057153
9738154.961606016
8161996.435009627
9594875.864979139
9717533.416217187
8806654.62223125
8398392.525711965
8344040.384213015
7930221.363926592
8220123.311879324
7711909.100631275
8424883.773910273
8413009.974719627
8235349.628357447
7233205.087779514
8132018.627022304
7283547.185470793
7017348.517367166
8663676.069127647
8672464.054269947
8355827.385163715
7494273.947175577
7088792.699110412
6761524.610826537
7043635.125353525
6648116.342557382
6931890.63846273
6884703.888812217
6277182.247179029
6712993.864157485
7442071.839412339
7490730.9148887135
7478613.044672647
7155773.0101846345
6787472.5360994125
7008669.962678522
7127743.293545206
7546481.768633031
7318146.953630531
8653598.802193634
9053603.745389635
9431188.97683403
8710177.639903074
9051934.250317061
8223182.7566087665
7786516.443863407
8651380.868571645
7841641.854100649
7190421.779876985
8963029.242437085
8856996.719922531
8442410.742662258
9587866.805363068
8934283.892673472
8979558.367849251
8542084.2611157
8975196.114185765
8051805.700973303
8518403.270997427
7183371.532176417
8039305.860205354
6826434.557922636
8468014.271527436
8516266.764404047
8342745.388727088
7433950.485861611
7194737.1317617595
6656456.214532541
6599959.752992095
5906070.821460739
6511922.968021354
7057151.70781496
7245893.686275829
8195822.591948191
9059771.293898253
9283506.438459171
7878800.338349762
9605007.847139979
9479793.67956646
9016914.37241523
9730981.500722116
9904754.418389732
8928306.859164242
9514813.557468293
9152238.232418759
8377486.670353599
7469926.676535886
9127254.433366442
8613421.112159193
8542892.055103892
8539797.135984167
8212100.175369699
8164378.17182922
8233292.449038777
7998007.711717986
8092573.017641658
7540021.147566379
7839401.63074783
8430311.770799858
6900839.6162840715
7794413.916365641
7428935.127748884
7640612.488531896
8845427.88632611
8400924.529999558
7884791.250071479
8299478.493267138
8401547.873752732
7602652.732119445
7321009.229113262
7196521.428499323
7827161.145418654
7872651.688194811
6941118.923324052
8460630.71232472
8021656.27634026
7655857.703363686
8228446.607817868
9552351.912515385
8339385.400474374
7574486.873224578
7681311.905313972
7443361.121204051
8549006.180008944
8267261.059997223
7917415.8640113855
8268326.803223322
8715938.60581193
7362544.443308576
7224070.948958494
7443544.165238201
8285861.242940544
9096957.78157241
8707063.822429683
7494667.34511589
8204733.192203597
8045257.939183824
6996278.858811195
7324301.317479697
7786773.69954828
8345662.977506877
8596714.656407092
7445742.858023645
7224234.752156097
7031739.03643205
7890301.272059904
8071856.518081887
7473644.588338631
7996813.990754717
7963618.648534563
7554405.952937049
8096711.390256652
9022008.706732513
8551890.394152354
8915115.77475684
8063123.590649295
8933945.20995999
8587582.617339972
9458759.49540077
9164907.93256141
8735114.53717668
7950679.106117819
7403102.004140999
7333414.458193149
10023746.322227808
8514589.455883358
8931021.907485986
8667740.828162145
7995437.568240179
7957350.774643668
9670265.239538064
7473245.476704104
6967731.029364446
8305001.699915014
7654970.5821007835
7761035.530111336
7773147.686633189
7287991.8153032735
7139847.636618942
7136340.42120524
7021413.276401664
7439269.05229754
8350249.46328901
7083506.558170481
8284978.543748596
8081417.173892249
6918270.339241853
7723734.240772188
7205593.38112828
7331018.596160995
8363664.428744906
8958374.856768673
8215684.395741059
8151689.573332906
8102188.986749079
8072875.359529274
9111777.17296789
7984811.86275675
7610741.660174175
7208620.400361724
6564721.356665832
7019905.1337026395
7215676.361756505
7113967.953715226
8311462.320981667
8746500.32673895
8244591.0978782205
7817179.781795967
8943235.681013377
9207732.428548435
7604925.979038493
7349672.800778111
6931937.54024144
6365115.315390327
6869780.780657296
8027362.527022287
7745713.31032189
8681242.934340866
8643237.225290086
7032200.334258641
7378327.960924614
7821148.637519142
8118832.9138262365
7660758.259811422
8100918.603311033
7707524.899719839
8643652.912961228
8251573.4456925085
8074883.5373153305
9162567.38382631
8358406.291230019
7307296.417958226
7927799.388162884
7214422.554355076
7486423.376452055
8090727.483852413
8149903.176841441
8839782.064565126
8623810.350004906
8667618.213049037
9263434.280760141
8639776.911655094
8825423.970996238
7511352.460277544
7726015.6522095045
8039890.371215281
8276428.915937504
7720186.78641437
8627408.097518599
7229771.485946305
8082130.356192379
8329220.992817536
7879871.795270077
7826361.164878579
8089451.386720152
8444276.466428433
8822703.208980279
9816114.479642747
8666044.62128779
8451097.461869173
8633548.934225434
9262551.58156819
9148201.476809306
8113071.947917382
8693478.997599088
8248404.91299229
8838473.541936867
8545383.82044737
8264649.72843492
8501201.800299473
9268231.120448435
9433806.022090549
9103904.31251354
9575571.604807066
9980345.384266319
8119802.753741011
8712321.95994457
8750103.787946858
6834632.573948142
6714586.354272398
7302431.335900771
7895920.382019105
8636960.588810693
9076322.70904125
9232254.92977416
8468847.969186772
8007610.153683074
9281539.44875761
8158909.680408172
8942375.27155226
8105295.333257233
8355311.372110295
8150386.764398862
8564226.782792851
8222991.8991265
9724882.450170005
9622073.175582496
9030389.766792169
7894243.073498416
8308353.874719612
8071604.9760912275
8041308.324297196
7972590.275781241
8342677.146357928
7465665.688807786
7809233.307761121
7891855.622984607
8294594.512856016
9472295.31869875
9713679.704641884
9031225.564205406
8817010.485440584
8571575.816745669
8278234.553265515
7764007.834117954
8674723.175976433
8717561.19910579
8557794.165151244
8954689.370461926
8355942.1868287055
7874842.910015019
8114041.787832157
8238130.476811567
8520995.361723183
8812287.259332784
8601464.594316674
8883603.112268709
9191487.613105806
9506400.071912637
8183188.708678704
8725187.88878082
8164487.602282876
8186764.166461566
8143417.601244026
7707443.472691228
8049090.65265156
7451368.024159941
7429104.644640703
8672592.38307727
7678732.999247667
7895526.984078793
7561227.546448017
8269460.095265547
8361520.10870341
8596192.929659456
8580464.127270246
9171442.167208554
9117483.423649916
7908311.485886432
8680749.211018277
9149165.603029868
8802177.566902773
8089057.988779839
8876927.021671908
9744683.825041829
7963742.204200779
7864814.64461362
8626470.683099821
10103002.935504368
8879721.39726836
8707863.80296976
8296629.402443856
8937474.715104522
8736912.361056574
7530643.535790165
6905628.642524249
7043070.110767492
7826197.019198095
6621603.402698473
7997628.790060386
8023773.884579973
8280100.27703169
7901681.347927961
9086817.985963454
9577959.055320876
8406604.068879802
9482011.613188451
8946811.138796238
8725974.684661444
8591972.531945623
10036822.604970219
8437823.658809897
9116661.153379014
7291554.088426684
8197276.019420386
9128869.21321219
7938342.717477321
8792045.584741933
10432849.929854551
10487595.469293812
9626919.016803404
8638298.872135017
8211267.4268507445
7959467.091260118
8357693.108929889
7862209.026745532
10267275.028212437
8922078.88173458
8232566.680149424
8123162.741993724
8424138.508597026
9538366.218779242
7425310.668433409
7761008.818309554
9662067.223512558
10089350.210787492
10009754.91479745
9410166.22005677
8631267.522788117
8788822.336814888
7646685.425352452
6956413.139688455
7307621.573529379
7418199.39374157
8671573.54162988
8845162.817193119
7578625.843909801
8136231.211288021
7780313.078481627
8569193.139372965
8746683.3707731
8610911.39760243
9178063.542578528
8730574.355103029
8012794.677617466
8489455.038292889
7938886.733955785
7819662.784550947
8052762.013745746
8049314.884770206
8460114.6992713
7871138.525354605
7317772.454043884
7428927.314300767
7772225.090980005
7608597.340132679
7777660.5588348275
7471052.155129994
6638345.332840857
8535374.453399638
7903369.741354199
7733907.411017523
7579677.110853186
7676154.093181363
7452867.061787587
8412255.604335
8591795.201605689
7820110.897718088
7916519.637677106
6472505.362065754
6400760.636799235
7770107.482740292
8612776.770298451
7644161.234512975
7683977.9521031035
7698220.90152412
7436086.99245499
7774085.101051966
8857310.790588133
8414386.739717046
8502952.722400658
7971579.247781971
9070296.673999405
9407458.985183144
10182503.02173612
9457910.513328081
10271604.856379924
8478531.838180471
8103885.193623435
8835107.839989938
7774240.14166107
8284795.499714445
8422387.58649584
8344881.895320468
8803527.277615529
7577011.064064055
8332531.979537637
8390765.836036935
8898919.618363941
9411034.442966009
10648367.817553414
10375009.471295564
9858226.135812523
9485079.820506392
8201638.273083873
8971118.170491816
8326065.644776769
8706194.307897186
8991779.95482476
9480187.077506771
9109326.595708909
7997961.759079656
6582086.630561388
7795241.900330761
8002032.23180837
9259836.875729328
7639703.077538164
8831491.194122579
7853863.441076158
8926271.969576402
8301087.559418667
8829434.014803909
8929074.7566912
7383485.773057224
7070255.0448420355
8657635.557803089
8372872.523629301
8632217.172725962
9102643.84227751
8179863.24567589
6826469.083172536
6957939.231600763
7048459.019326485
7269093.1885905815
5467964.608385515
7211307.445258423
7086473.148482883
5301635.336358775
6232912.137167923
6300217.946296178
6659291.427143338
5807820.969783428
6799950.429619413
6004624.223944133
7020847.31267525
6926189.1523345355
6472952.5260925125
7356878.431570664
7945548.348269873
7330495.92027298
7363426.193360143
5692302.906722676
5583210.939478679
6419061.682420154
5854031.567754721
6982666.373038435
7305131.907939801
6577070.32330828
5925795.533857787
6677287.164687152
6625126.245008409
6305388.943088239
6454448.246460515
5222359.824728551
5535942.762799556
6308544.291129005
4973911.663942523
5910446.602266557
5254672.467756757
6351469.454981188
5934025.975379291
5805500.821085669
7100619.939005228
4942040.128763981
5706390.217464359
6623904.863102976
5766754.866862822
6034256.343900494
5272152.192247152
4484364.586383693
5377064.949861812
6316394.8618525285
5543915.948636186
5825070.150390732
4336879.568325699
5626177.291415358
5607361.040871659
4810297.440237528
6138218.5024369275
6647932.34938285
6375144.731405246
5811458.613758354
6119714.22280493
5127313.98014174
6326220.586795882
4896861.556899526
5019131.4238914745
6940724.576243359
5524977.08297938
6347961.897084606
5327509.648051158
5873200.028154236
5830790.877355472
5352644.065641627
4776173.446187096
5003470.521388543
5181605.692719648
5701538.662549236
6162328.364885794
6400549.93182292
5895613.683728746
5212378.461105864
6006279.242733993
5838682.636163491
5363018.827204626
5386571.488515577
6206909.496668219
6180201.4873165
6970832.470309025
5569992.8007866135
6236616.521828337
7129810.951111926
6264023.588267623
5902161.445518225
5059221.375132861
5708127.612423211
4634957.242573106
5687885.937832362
6246876.832796498
5917944.963134264
6271297.717016684
6120107.620745243
5657540.284505718
6353952.457736169
6563974.799729321
6745740.144070117
6254334.005579709
6462692.215124351
5797371.303016672
6555132.441843075
5817096.964554101
6161025.55595175
5625309.0685061235
5589799.889352655
6089491.184591393
6208843.462803553
6210023.656624489
6377458.568338561
5768730.021082654
6305626.702349217
6412784.70345788
6478910.318765198
6801646.636493769
6371304.204489394
7923930.251164486
5698539.646740836
5822505.72060714
6051892.400623256
6326417.4135597125
5499605.599680967
6254334.005579709
6346143.075097143
6368080.956562348
5958190.553054985
6586306.07913484
6497849.184422003
8462170.929449588
8041348.563241311
8134250.087786626
6559475.454670014
6652825.092382469
7076354.693464375
6483368.475740009
6133801.533546613
7414929.244035812
6137472.8946408
7181436.616900702
6854594.352053136
7404797.261874973
6447859.29658654
6633214.574992911
5778752.572789837
6264749.955227205
4689350.572156551
5259171.812816064
5517126.512255858
5187244.043515395
5326993.6349977385
5360413.209336539
4809700.000155497
4721243.105442662
5171624.32909696
5242642.687403898
6634951.969951763
5539179.537868935
6380430.872345178
4998496.351360313
7290963.170169508
6681745.321661963
7138653.308998172
6739192.3822806375
6962662.457708565
6666477.817099344
6376481.257458551
5639748.589103621
5879002.182147587
6146028.834216336
6424618.6061872905
7145575.227891417
5978703.01047304
6441230.10776845
7163998.080494803
6382955.063184655
6792968.081805125
6746568.128035237
6452752.039586159
6085311.974962057
6447859.29658654
5677863.386125178
5903980.267505689
7088759.324474033
5901374.649637601
7202465.087372175
6371752.317656535
5890720.940729126
6113559.858955763
6180120.06028789
6526253.400648077
6642409.142734974
6014564.399482324
5748881.744432115
5426932.222584169
5350947.858767271
6270117.523195747
4860951.508840509
5362150.604295392
6595771.429704107
6453145.437526472
6142201.834442816
5939005.859101736
6551231.486006179
6673853.562853944
5630676.636474665
5139663.89592457
5637658.984288953
5066990.518827774
6496898.585343775
5205789.511231889
5374852.729934038
6048852.19673036
5877665.656094283
6395698.3769077975
6833844.828927136
6232477.551143114
6114191.016157053
6789141.082031605
5968565.314617985
6343897.138050107
6279134.760597875
5553897.312258874
5254713.655841254
6388661.313866681
5044508.620884104
6202973.066441042
6343564.169030838
5551182.26393713
5334098.597925133
6175016.963382108
5035824.352501245
5370787.970899539
5083519.64423994
6019090.456343414
5197449.639256729
5690199.774765676
5861074.344490052
6192557.116793546
6689202.494445174
6402762.151750696
6266017.289770967
6887063.327313708
6348022.326005649
5325297.428123383
6446562.201346711
6554290.930735622
6302477.0680026645
6112385.378829042
5283633.885120747
6202566.483841279
7156581.146655708
7683496.464299584
7936293.351606767
6560696.836575448
5956453.158096133
5309120.512567031
5251796.067061464
5530263.2239193125
5149293.049691442
6880794.5128697045
6327428.441558983
7261078.814669455
6123697.554810818
6123304.156870506
6308937.689069318
7086390.77231389
6490744.221494609
6445647.076658765
5303047.575746476
5528132.431020147
5717322.180165274
6090277.980472018
4910514.2816164
6634320.812750473
6201148.530759364
6181944.595969569
4762398.106357114
7195190.958623115
7146206.385092708
5471242.571539388
6031773.341145514
4690986.350109865
4941565.303795058
4906605.854814269
6045615.421660982
5703784.599596271
5897309.890603102
5941497.624445215
6181538.013369804
6583265.875241944
6392387.390187697
5752790.171234246
5286789.233161514
5024444.276633189
4909130.045653746
5253017.448966897
6404892.94464986
6305110.689295797
6432903.762935622
6640081.778659327
6140783.881360901
5189497.451527667
6044000.641815237
5335713.377770878
5333134.471704574
5289665.633856806
6165428.997699733
6146225.062909937
5490424.216598353
6983709.826533704
7082692.101347692
6534619.9844250195
6495046.046237052
6581358.620908392
6856894.661844119
5777564.214450631
5387480.899509309
6096989.5454591
5776777.418570007
6913445.838611393
6994893.673708159
5871388.677132009
6236616.521828337
6125000.363744861
5899792.8933580825
6087008.181836412
6516590.529761946
6235075.3555630855
5952110.145269193
5250493.25812742
4786663.351897966
5853080.9686764935
7260881.987905625
7342384.195746337
7454503.18222378
6769808.818434486
6737496.175406281
6915183.233570245
6133801.533546613
6585790.06608142
6175538.690129743
6190860.90991919
5867602.865442985
5869299.07231734
6743806.177934783
6712280.330787201
5771213.023837633
5582940.156651474
6660058.384117187
6147372.831234876
5641037.8708953345
5823415.131600872
7479317.464384278
5987069.594249981
5605190.009028381
4765003.724225203
4527209.272347648
6191825.03613975
6862249.04515321
6325311.175802151
6426830.826115066
6327441.968701315
5831284.600678061
6090400.595585125
5934515.276630927
5607320.801927546
5208313.702071366
5972690.502573526
6194742.624919538
5594258.046327465
6647192.455280937
5449263.501989687
5645944.141037285
4570569.02222464
5330664.996091925
5205396.1132915765
4436186.998710838
6242025.277881375
5595208.645405693
4958373.376552698
3724031.546808463
5260474.621750108
4634211.634776977
6699856.203353648
6301561.943314717
6637476.16079124
6993169.463408757
7047489.179411709
5756773.503240135
6461430.594274803
6853909.173178051
6410572.483530104
6269208.112202016
6626150.800150012
7443333.460261886
6839483.179722884
6001156.904991664
5854031.567754721
6048065.400849735
5669184.831436534
6221390.205350214
6209223.333601533
5956453.158096133
6401852.740756964
5605976.804909006
5395039.689298058
6194010.544265742
6677076.81078099
7678773.2381917825
6139046.486402048
6171067.348495481
7473501.783248595
6467178.033041326
6771030.200339919
6389937.410998942
6023013.35942826
6005492.446853369
7688686.701928191
5598661.488075448
5854302.350581926
5417187.924669427
5845148.97092436
5837773.22516976
5718265.308278266
5559576.851139118
4982442.0509170685
5301228.753759013
5498641.473460407
6195529.4208001625
5954762.664915992
6341529.279442998
6723802.262604911
6244746.039897334
5893753.673656787
5218478.109728203
4520735.466621543
6358954.288706564
6541602.332239307
6013506.820774495
6070708.651166955
6061480.366305632
5296377.198843889
6246048.848831378
6059784.159431275
6884186.926618416
4989383.21064686
6577966.207159679
6808235.586367744
5984015.8632147545
6795566.228707977
5938538.847580929
6528465.620575853
5870208.483311072
5634897.034188499
6348748.69296523
5624399.657512391
6662019.660124533
5588048.96725147
5705860.677268608
5891155.526753936
6828083.863018282
6264791.143311702
7174372.842057803
7306746.687785546
7098685.972869893
7225542.325643975
6846478.712196623
6820192.104210262
5900871.821243633
5502523.188460755
5905988.445291746
6094899.940644432
5984070.578441582
6022456.158290343
6439451.524725101
6645061.662381773
6601573.583697459
6095293.338584744
6824682.686681071
6982407.017599661
6574409.990213364
7521841.416848033
6414541.339253278
6648902.189297625
6060570.9553119
5996819.60585894
5294123.790831617
5938850.8184926305
6324231.90543372
6064947.685258101
5026507.169646075
6087008.181836412
6444032.29681302
6286171.823638991
6191871.586848308
5280036.480089935
6784519.12185919
6220955.619325405
6341881.489298813
6543298.539113663
6657242.061272784
6441188.919683954
5831577.673236097
5919641.17000862
6645761.317539571
6189945.785231243
7272024.304512702
5821317.362267935
6035084.3278656155
6310117.882890254
5417065.30955632
6200320.546794243
6429748.414894856
6654046.474287903
6801884.395754747
7758300.6342955455
6060570.9553119
6422867.684086107
6404892.94464986
6445592.361431937
6437755.317850745
5732718.0135352155
5383137.886682369
6129187.7378924675
6044672.987101024
6559754.402015489
6064831.94304
5700629.251555504
5687967.364860972
5519690.942039449
4496674.263222409
5061188.364834422
6164336.542671852
6556476.438861614
6594664.849463665
5696747.536555155
6496002.359009495
5459679.451637183
6189891.070004416
5797371.303016672
6012081.396727344
5993142.531070538
6978784.658038087
7186804.184869245
5780326.164551086
6808322.72709057
5910840.000206869
6500963.344378275
6805317.997587956
6915237.948797073
5940669.640480094
6146938.245210067
5288485.440035869
5562182.469007205
5141237.48768582
5669578.229376846
6159681.55893321
6596443.774989895
6826781.054084238
6287081.234632723
6397001.185841841
5306793.148491386
5812245.409638979
6250703.832570019
6266798.72302753
6048445.271647717
4945507.447716449
5092075.583815477
6968185.66435644
7216904.607969674
6408957.703684359
5794765.685148585
6072175.263298602
5786480.528400253
5296377.198843889
5837379.827229448
6607334.549606313
5833789.893163872
6146151.449329443
5889024.733854771
6333637.520634978
6213626.775349516
6644974.521658947
6293670.1845066985
5774253.227730529
5023589.580866286
4772617.22924078
4892641.159185694
5949905.3963066535
5679207.383143718
5238577.928369399
5851371.234659806
6557779.247795658
5683936.3229457345
6776864.779829268
6845962.699143203
5503039.201514174
4838742.844548098
5609132.152949773
5597691.648160674
5435345.708139822
5639355.191163309
6048893.384814857
5808030.725619361
5514873.104243585
5988922.133356705
4958373.376552698
5866537.122216886
5641994.526150658
5738621.433463953
6111429.066056599
5640141.987043934
5602665.818188904
6283172.807830592
6100186.081584363
6388322.631153197
6370001.39555535
5867996.263383296
5989750.1173218265
4410306.973324242
5605976.804909006
5569164.816821492
7121899.951467359
6396607.787901529
5356700.660157856
6409351.101624671
5236840.533410546
5376155.538868081
3805940.67973182
5928197.109584156
6239656.725721233
6898233.049275602
6376210.474631346
5821202.911673097
6914803.362772265
5474200.399263292
6828952.085927517
6894168.290241104
5802222.857931795
5605190.009028381
6350207.834131641
6342709.473263934
6213457.258457698
6344921.693191709
7135036.663130814
6946247.782891235
5301622.151699324
3991492.7849020213
4947244.842675302
4719906.579389359
5237749.944404278
6140783.881360901
5514995.719356692
4619730.926094982
4114278.6649473896
6015121.60062024
6829392.385646541
6889038.4815335395
5829433.3531946
6333087.790462298
5488558.49283218
6311155.622691308
4910039.456647477
5108538.917682539
3955712.8229213483
5333975.982812026
6076863.015016122
4194966.415965313
4681649.328347919
5974034.499592067
6487282.616236355
6032044.123972719
6285343.83967387
6569558.435298241
6173768.869674892
6947204.095663678
5678297.972149987
6207934.051809821
6167573.317741229
5918854.374127995
6284557.043793246
6037059.482085445
5184706.325533587
5274955.330432103
5853392.939588196
5784111.976240111
5239323.536165527
5786915.114425061
5663694.648354884
4708581.218748131
5499280.101626933
5731286.87579385
5636199.843122542
5511446.973375614
6034969.877270777
5551020.911563581
7061535.302068896
6294456.980387323
6051892.400623256
5166731.58609734
4807576.678221569
6518049.670928357
6960293.905548422
6351510.6430656845
6554739.043902762
5566681.814066512
5461613.417772518
5732147.627737849
7119253.145514775
6838070.940335184
6710671.264635671
6000640.891938245
6330088.774653899
6206516.098727906
6933742.228429072
6216104.064410281
6648888.662155293
5452615.676794285
5809497.337751008
6412438.207296279
6312093.037110085
6743879.791515277
5544648.029289982
4848765.396255283
5439560.3921594415
5691122.712901739
4936435.495087493
5428669.617543021
6284936.914591227
6182840.822303848
5953454.142287733
6146028.834216336
6813955.364192103
7872678.742479475
7518836.687345418
7110181.19288582
7020142.541893465
7105600.420797901
8110907.780381837
7187970.851547849
7317487.537416847
7500509.738053355
6411047.308499027
6161418.953892062
6540692.921245576
6068462.71411992
5766238.853809403
5411033.56082026
5566965.781553169
5857525.598508973
5705480.806470627
5509628.151388151
4856615.966978805
5002913.320250628
5801436.0620511705
6730907.225532305
6006008.459906788
6777706.290936721
5831971.071176409
6245417.691630087
6067717.106323791
5789086.14626834
5933212.467696883
5719838.9000395145
6029954.51915805
5599950.76986716
6178382.665329037
5188465.425420829
5826332.720380661
6332178.379468567
5311644.703406509
5356348.45030204
5646066.756150392
4883053.193503317
5322732.049199409
5028441.135781408
5904414.853530497
5154144.604606565
4486692.899599722
5073999.578443844
5043328.427063167
6118059.204015071
5159796.140061764
4839570.828513219
5203087.990052476
4426937.715741947
4631449.684676523
5509234.753447838
5030571.928680573
5701694.994781604
6110167.445207051
5085650.437139105
7227992.902902957
6348593.054285896
6205688.114762786
5519732.130123945
7023420.50504734
6143504.643376859
7619460.453806934
8754500.566860247
8125543.872155819
6900363.842174767
6633607.972933223
5187793.773688075
5662121.056593635
6182840.822303848
6162992.545653312
5557825.929037933
6158772.147939478
5698375.843543232
5274832.7153189955
6218866.014510737
5045011.4492780715
5582694.92642526
5619236.131685567
5243388.295200026
4943024.444961469
4686894.281203353
4780115.590108487
5155840.811480921
4279358.55164365
4680611.588546865
4486963.682426927
4285554.103577314
4702942.867952383
4495248.839175258
6070260.537999815
5798633.873006602
6221349.017265717
6613997.113060783
5743202.205551871
5777015.177830984
5879043.370232083
6296825.5325474655
6038755.688959802
5737441.239643017
5851425.949886634
5837379.827229448
5266154.160630352
6044435.2278400455
5955584.935186897
6027864.914343382
7523633.527033713
6014728.202679927
6675984.355753108
6522256.541499859
7173714.374984501
6677959.509972938
6144793.925168571
6768506.009500443
7214549.934022017
7074672.01373235
7567367.43401447
6889473.067558347
6531186.382591812
6634123.985986643
6147454.258263486
7035702.17846101
6396987.658699511
6849505.731430068
6286213.011723488
6322631.601870688
4827343.527843496
5519915.174158094
3592608.3001589486
5944611.784401486
5935539.8317725295
5322773.237283906
5599937.585207709
5474750.129435972
5656834.915653704
5203543.574184853
5821358.550352432
5649377.742870493
6141693.292354632
5978391.039561338
6012990.807721076
5297781.624783472
5058189.3490260225
6453538.8354667835
5559970.24907943
6238353.916787189
5409337.3539459035
4397957.057541412
7347459.631709955
7224476.5824178755
6513075.500900126
6236406.167922175
7105851.364718331
6661110.249130801
6543006.758178891
6589977.440229026
6004312.253032432
5436520.188266545
6671329.372014467
5931597.687851138
6838458.624581281
5957239.953976757
5893917.47685439
5674077.574436153
4795464.521699717
5066474.505774355
5867996.263383296
5553029.089349638
5825171.767396272
5495582.028730964
4710753.199731792
6393608.772093129
6853332.731203589
6948561.61982455
6419767.051272168
5879952.7812258145
5646853.552031016
6073748.855059851
7401404.848126261
6622208.656228621
6240246.694838027
5220270.219913883
4958128.146326484
4057225.0022690273
5208313.702071365
6764047.852525632
5728640.069841267
6322590.4137861915
5540285.775626496
5155447.413540609
5744816.985397617
6849844.414143552
5819451.989571912
5559224.641283302
6451733.1981387725
6706587.2647646265
6279230.6639092
6108375.335021371
5228826.15948942
5948561.399288113
7270904.539612808
6595656.97910927
5958977.34893561
5647681.535996137
6047603.760540264
6559087.770423917
7262958.0655779615
5791216.939167505
6242940.402569322
6292096.592745449
5192652.799568434
5138639.340782968
5682701.41389797
5045052.637362568
4938959.685926971
5062491.173768466
5471065.241199453
5540766.314289633
7213402.763767306
7285778.646235116
6708182.548186475
5947693.176378878
6279569.346622685
5459286.053696871
5836077.018295404
6203910.480859819
6685810.080696462
7075499.997697472
6544648.249826418
5817138.152638598
6241019.96357632
6131195.915678525
7058142.888320184
6902888.0330142435
6470231.764076554
5647681.535996137
6169581.495527287
5960354.113933028
5488599.680916676
6278837.265968887
5629808.413565431
6422867.684086107
5737047.841702704
6106184.113201164
6589346.283027736
4870974.060547693
5914314.790124575
5577572.588682932
5664210.661408304
5003741.304215749
5803566.854950335
5315316.064500695
5969631.057844084
6460127.785340759
5998944.685063889
7005492.6673898045
6450118.418293026
6103578.4953330755
6082550.024861602
7794719.224442746
6777700.577242506
7485513.016317941
6194010.544265742
5731680.273734163
5560879.660073161
5402740.933106692
5516610.499202439
6130802.517738213
5750061.938253052
5419991.062854378
5791258.127252002
6301242.1589549
5712910.924969175
6416849.462492378
7345370.0268952865
6494808.980529107
6851636.524329232
5458376.642703139
6167281.536806457
5320445.873208259
4769068.4832597
5070653.715403691
4861386.094865317
5193439.595449058
5212378.461105864
5997723.303158456
4978492.436030441
4918005.171518871
6242770.885677503
5698897.570290866
5773696.026592613
5614655.359597649
4225378.809977444
4474220.368703784
4932485.880200866
4964052.915432942
6155223.4019583985
6043091.230821505
6873268.148576952
5469505.176580536
6117502.002877154
6370285.705524887
6446163.089712184
7078736.77276685
7630887.4314537
5947651.988294382
4723848.723310749
6416732.561073487
5535453.46154792
5154972.588571686
7461050.944013259
6246483.434856186
6771661.35754121
5908045.026540187
6274969.078110871
6126920.802737865
6409228.486511564
6335320.200367003
5750225.741450655
6369498.567161383
6238353.916787189
5727853.273960642
6528859.018516165
6208212.305602263
4563029.473272436
6057965.337443812
6237586.361743111
6330875.570534523
6339398.486543833
5346719.296535168
5889418.131795083
5466104.598313555
5461646.441338745
6154313.990964667
6496898.585343775
6965973.444428666
5874489.309945948
5793585.491327647
5273652.521498059
5470333.160545656
5632291.4163204115
6091228.579550246
4920922.76029866
5565853.830101391
6062430.965383859
5782144.986538549
6629272.431071519
7073885.217851726
5262605.414649273
4776092.019158486
6234526.9170136675
6543298.539113663
7798939.622156578
6832391.40145494
6495147.663242592
6298018.911027853
6403983.533656129
5877461.613952565
6346659.088150562
5759649.903935428
5844362.175043735
5896957.680747286
5834462.238449658
6000247.493997932
5467177.81250489
6956778.876686602
6011171.985733612
5561497.290132119
6361268.125639878
6200503.590828394
6309331.08700963
5774646.625670842
6651915.681388738
4986777.592778772
5565717.687845952
5308095.9574254295
5465317.802432931
6087923.30652436
4780060.874881659
4628802.878723939
5408569.798901825
5621033.955565462
5819506.70479874
5684886.922023962
5490411.031938903
6794331.319660212
6672944.151860212
6458513.005495015
6434715.113957849
7520084.781052633
6480213.127699242
6959425.682639186
5418605.877751341
6462217.390155427
6390412.235967865
6818495.8973359065
5861407.313509321
5969237.659903771
5210567.110083638
7194221.11870834
6548584.680053595
6232396.124114503
6467584.95812397
6160902.940838642
4791399.762665219
5286116.887875727
6014293.616655119
5196479.799341955
5493844.6337721115
6354944.244898893
6069528.457346018
5778195.3716519205
6402767.865444911
6192076.578130408
6590193.507829403
6172356.630287194
5954912.589901111
4893862.541091126
6818889.295276218
5319143.064274216
5724419.672127434
6167226.821579629
6735562.209270947
5994093.130148767
6497739.753968349
5601797.595279668
5162036.363414585
5577226.092521329
6455751.055394559
5992355.735189914
6308238.033911519
6943674.590519145
5885929.814735047
5982210.568369622
6290236.58267349
4253077.657351504
5684968.349052573
5736654.443762392
5868389.661323609
5847361.190852135
4759873.9155176375
5533303.427812208
5121553.014232886
6272125.700981805
6559142.485650745
5661563.85545572
6586882.521109302
5633200.827314142
5589799.889352655
5462285.0695052715
5422500.777411141
5951085.59012759
6739659.393801443
6461436.307969018
6153262.125951053
5537720.396702522
4715170.168622105
5165863.363188106
4549933.949693479
5858367.109616425
5707218.20142948
5193955.608502478
5358872.641141517
6092266.3193513
5456374.178611296
6363805.843621687
6749750.187877787
7281850.029456056
6276706.473069723
5125740.388380491
6718041.296696056
5765580.3867361
5766489.797729832
5581433.305575713
5077881.293444192
6015670.039169657
4872011.800348746
6300291.559876672
5631463.43235529
4486570.284486614
4774354.624199633
4886364.180223419
5221966.42678824
5325297.428123383
5520912.3239448825
5208829.715124785
4891772.936276458
5542375.380441165
4997193.5424262695
4803668.251419438
3946002.242125865
6045738.03677409
6352813.451999729
5450214.101067915
5188072.027480517
5471119.9564262815
5567468.609947137
5459794.595785054
5688910.492973965
7020896.314207863
5858801.695641234
6748698.920934401
6043200.318792282
5684886.922023962
5833768.895056304
6007229.84181222
6293670.1845066985
6266725.109447036
5781628.97348513
6830092.040804339
6870968.78792635
6100144.893499867
5652491.902826764
6007352.456925328
5124667.174189156
6262660.350412536
7410192.8332685605
8312833.3722848715
7639186.115344364
6388716.02909351
5743989.001432496
6143111.245436547
5924533.913008239
5843099.605053806
5677863.386125178
6814471.377245522
7184157.378916661
6524597.432717836
5881132.975046751
5953888.728312541
6262564.447101212
5846803.989714219
6241902.662768268
6894602.876265911
7414929.244035812
6878032.562769249
6870140.8039612295
6125000.363744861
5648984.344930181
6758286.886616777
6063217.761264484
6512166.0899063945
5802657.443956603
6928809.246485337
5806328.805050789
5718265.308278266
6961080.701429046
6520573.861767833
5318627.051220796
6346659.088150562
4452798.5002919985
5691828.081753753
5591597.713232549
4964282.510175652
4597738.329402949
5944496.640253615
7234682.17815921
5315206.634047039
5632807.429373831
5455459.05392335
5348579.306607128
6632067.404738201
7275179.652553469
7601152.745351419
6207540.653869509
6655532.3272560965
5030965.326620885
5128141.9641068615
5131140.979915261
6651013.741360243
5319413.847101421
5185154.438700726
6153011.182030624
4915365.836531523
6372539.113537159
5975269.4086398315
5940194.815511171
6748827.249741724
6163549.746791227
5835533.001816939
5103679.891802179
5617458.4977826
6026562.105409338
7519719.386537367
7354441.979524242
6839917.765747692
7837114.848099178
6415424.038445228
6861733.032099791
6341135.881502685
5527501.273818857
5826210.1052675545
5044102.03828434
6234133.519073356
5539335.176548268
6756074.666689002
7440809.26942241
7347574.433374945
7197870.190071697
7300679.464659206
6457819.66210166
6936340.032849042
7033836.4546948355
7073978.670338996
7038646.821525463
7495494.379940629
7157930.857368463
6525818.814623269
5964222.301791045
6371752.317656535
5752823.888353507
6027430.328318574
6793992.636946728
6186905.581338347
6138694.276546232
6039149.086900114
5910881.188291365
6148287.9559228225
6827302.7808318725
6169832.439447716
6405862.784564635
6091750.306297881
5763185.122774175
6308937.689069318
5951478.988067903
5882829.181921108
5735351.634828349
5595208.645405693
5667923.2105869865
5242994.897259713
4752498.169763038
4812076.023280877
4825212.7349443305
4915311.121304695
4447512.359352067
3839081.3067251467
4573297.255205834
4875833.086428053
5843099.605053806
5271915.126539207
5656753.488625093
5284814.078941683
5369607.777078602
6689243.68252967
5677469.988184866
5752274.158180827
5041340.088183885
4944679.463751328
4420288.33694693
5843132.628620033
5073415.665504145
5291612.784651591
6909564.123611045
6076876.199675573
5771524.994749335
5436126.790326232
6388200.0160400905
6920245.142391531
7078892.411446183
7279976.492241764
6602488.708385405
6744817.205934053
5494795.232850339
5778236.559736417
5715896.756118124
5833273.880110453
6443319.712583119
5565100.057786995
4286652.870369639
4386672.88498468
4558776.307579726
5250886.656067733
6315723.2101197755
5790545.287434751
5805812.79199737
4614363.35812644
4180797.6781950193
4973124.868061899
5833273.880110453
6188642.9762972
6446291.418519506
5759371.307660106
5532128.947685486
5652084.977744119
5954437.166861959
5428628.429458525
5797412.491101168
5651256.993778999
7014687.235131868
5806211.903631897
4951186.986596693
5407701.57599259
5668838.335274933
6565799.335411
7205104.079876644
6697922.237218314
6782951.243792157
6819369.833939357
6317621.957452176
6951099.337806358
6503094.137277439
6060218.745456084
6403590.135715816
6264749.955227205
6969407.046261873
6102234.498314535
5393668.980477735
6796516.827786204
5633200.827314143
5415661.234686889
5859236.281666042
6923481.917460909
6497291.983284088
6681229.308608543
6376366.11331068
6413178.101398192
6428052.208020499
6213498.446542194
7442940.062321574
6420791.6064137705
6024376.597283347
5119463.409418218
5821596.309613409
5737094.743481415
5949124.314120244
7053127.530207457
7373028.635325232
6810169.552503078
7037507.8157890225
6211761.051583341
6297734.943541197
6173320.756507752
6197843.257733478
6465385.922855646
6524529.190348676
6033964.562965721
6663817.484004428
6548707.295166702
6816365.104436742
6404234.4775765585
6977143.16639056
6269249.300286512
6585003.2702007955
5762969.0551737975
5801477.250135667
5923692.401900787
6525540.218347947
6055162.550329013
6450899.5004794365
5334803.966777147
7153527.41562048
7514433.245597435
6289449.786792866
7214856.191239502
7075961.295524063
7770257.152138064
6873812.1650554165
6396607.787901529
5962648.710029796
5823292.516487765
5842624.780084883
6115535.013175594
6496111.789463151
5719568.11721231
7197741.861264375
7034358.18144247
7634769.146454049
6944944.973957191
6642802.540675286
6886317.71951758
5386055.475462158
5446026.7269203095
5576215.06452206
6296390.946522657
6312961.26001932
4774625.407026838
5559576.851139118
4804061.64935975
4903057.108833189
4635181.474691751
4486054.271433195
5374730.11482093
5971327.264718439
4750679.347775575
4762398.106357114
6544689.437910915
5117726.014459365
6710793.879748778
6775433.642087902
8160956.805515082
6409424.715205166
5553938.50034337
6125434.949769671
6538168.730406099
6439967.537778521
6637740.631854001
5669619.417461343
5114570.666418598
5888508.720801352
6578807.7182671325
6891128.086348208
6053195.2095572995
6256464.798478873
5406297.1500530075
6132105.326672257
6463126.801149159
5195529.200263727
5288092.042095558
5238577.928369399
5546046.741535351
4337321.6253157435
4503656.6110366965
4557038.912620873
4718155.657288174
5547300.548936781
4972187.453643122
5988080.622249253
5426484.109417029
6105824.432380111
6308937.689069318
4934575.485015534
5015479.303633834
4132545.1853184085
4688896.745295197
4777353.640008032
5144522.92180493
4749261.394693661
5179000.07485156
5329700.869871365
7059281.551573744
6091269.767634743
5798076.671868687
7092070.311194134
5127355.1682262365
5674470.972376466
5989708.929237329
5697630.2357471045
6384440.916152849
6081755.758015742
6044183.685849387
4879816.41843394
5281937.678246391
5126349.853921181
4585565.743960055
5013946.899957082
5309500.383365013
4232877.170845152
6025496.36218324
6182447.424363536
5422657.109643508
6044435.2278400455
6656780.4209633125
6939700.021101756
6712402.945900308
6384257.872118698
5596904.85228005
5874978.611197584
5993658.544123957
6284082.218824323
6898667.635300411
5011674.251108264
5505394.226531985
6496030.36243454
6284910.202789444
6896807.282745571
5898137.874568224
6434878.917155453
6687031.4626018945
6295916.121553734
5784661.706412789
5418524.45072273
7116335.556734987
5198168.5352510745
5365970.133103676
4584662.046660537
5210070.337866764
6249875.848604898
5617023.911757791
5285119.73808894
5046707.656152427
6571825.370452845
6735704.065220601
6304717.291355485
6290236.58267349
6191248.594165287
6400672.546936028
4831367.098793498
6991582.686988058
6532014.366556932
6651522.283448426
5360413.209336539
5697630.2357471045
5634110.238307875
6807929.329150258
5942494.176161773
5969983.267699899
5361593.403157475
5146198.130571717
6160577.44278461
6075051.663993895
5519521.776217783
5293446.082921769
4666958.863829992
5747463.791350202
5829094.6704811165
