1.950000000000000000e+03  1.517214775085449219e+07  1.619315338134765625e+07  1.654871559143066406e+07  1.597404098510742188e+07  1.454403972625732422e+07  1.270008277893066406e+07  9.804436683654785156e+06  7.729930877685546875e+06  6.490309238433837891e+06  7.966478347778320312e+06  1.102996730804443359e+07  1.363199710845947266e+07
1.951000000000000000e+03  1.568293190002441406e+07  1.663124847412109375e+07  1.689667510986328125e+07  1.621406745910644531e+07  1.454425048828125000e+07  1.242204856872558594e+07  9.782493591308593750e+06  7.375403881072998047e+06  7.035586833953857422e+06  8.157132148742675781e+06  1.091171550750732422e+07  1.378616619110107422e+07
1.952000000000000000e+03  1.552278041839599609e+07  1.670654296875000000e+07  1.686569786071777344e+07  1.615822982788085938e+07  1.460947132110595703e+07  1.300583076477050781e+07  1.054034233093261719e+07  8.493618965148925781e+06  8.099885940551757812e+06  9.408204078674316406e+06  1.150594234466552734e+07  1.403427028656005859e+07
1.953000000000000000e+03  1.586348342895507812e+07  1.689151573181152344e+07  1.751920127868652344e+07  1.657737731933593750e+07  1.475832653045654297e+07  1.266495418548583984e+07  9.523940086364746094e+06  7.786394596099853516e+06  7.278614044189453125e+06  8.348080635070800781e+06  1.102046203613281250e+07  1.376423358917236328e+07
1.954000000000000000e+03  1.587514972686767578e+07  1.660620689392089844e+07  1.694770240783691406e+07  1.627775382995605469e+07  1.495310974121093750e+07  1.297516727447509766e+07  9.885535240173339844e+06  8.223519325256347656e+06  7.459082603454589844e+06  8.758992195129394531e+06  1.163701534271240234e+07  1.434885597229003906e+07
1.955000000000000000e+03  1.579177474975585938e+07  1.666985893249511719e+07  1.706740951538085938e+07  1.630332374572753906e+07  1.466920280456542969e+07  1.285846042633056641e+07  9.962566375732421875e+06  8.011767387390136719e+06  7.482748508453369141e+06  8.704173088073730469e+06  1.126735496520996094e+07  1.416124629974365234e+07
1.956000000000000000e+03  1.606016731262207031e+07  1.687088394165039062e+07  1.723517036437988281e+07  1.649579238891601562e+07  1.506573390960693359e+07  1.312624168395996094e+07  1.050207614898681641e+07  7.976461410522460938e+06  7.475612163543701172e+06  8.723676681518554688e+06  1.139936733245849609e+07  1.425534820556640625e+07
1.957000000000000000e+03  1.592326354980468750e+07  1.696739387512207031e+07  1.686586952209472656e+07  1.617668533325195312e+07  1.454975509643554688e+07  1.274007129669189453e+07  1.052899265289306641e+07  8.147107124328613281e+06  7.626982212066650391e+06  9.169639587402343750e+06  1.129626178741455078e+07  1.438775444030761719e+07
1.958000000000000000e+03  1.600550270080566406e+07  1.686031532287597656e+07  1.690229415893554688e+07  1.629887199401855469e+07  1.483350563049316406e+07  1.311160755157470703e+07  1.040559577941894531e+07  7.971505641937255859e+06  7.066087722778320312e+06  8.290915489196777344e+06  1.118712997436523438e+07  1.433355712890625000e+07
1.959000000000000000e+03  1.620784950256347656e+07  1.717629623413085938e+07  1.746870803833007812e+07  1.674761962890625000e+07  1.536109733581542969e+07  1.300068664550781250e+07  9.932241439819335938e+06  8.088546752929687500e+06  7.407354354858398438e+06  8.557913780212402344e+06  1.133752250671386719e+07  1.425212383270263672e+07
