1.950000000000000000e+03  1.516329097747802734e+07  1.636317634582519531e+07  1.655461502075195312e+07  1.591301345825195312e+07  1.435743522644042969e+07  1.255113792419433594e+07  1.004006862640380859e+07  7.746197223663330078e+06  6.963053226470947266e+06  8.285682678222656250e+06  1.095325374603271484e+07  1.362148475646972656e+07
1.951000000000000000e+03  1.568032550811767578e+07  1.673799896240234375e+07  1.706146240234375000e+07  1.647561836242675781e+07  1.505533790588378906e+07  1.291478157043457031e+07  9.932321548461914062e+06  7.883252143859863281e+06  6.909122943878173828e+06  8.442388534545898438e+06  1.110153007507324219e+07  1.373558425903320312e+07
1.952000000000000000e+03  1.560143661499023438e+07  1.635884094238281250e+07  1.667196083068847656e+07  1.578012371063232422e+07  1.451010036468505859e+07  1.262909698486328125e+07  1.006180095672607422e+07  8.000350952148437500e+06  7.456927299499511719e+06  8.441380500793457031e+06  1.066434001922607422e+07  1.339090061187744141e+07
1.953000000000000000e+03  1.544022560119628906e+07  1.661182212829589844e+07  1.674917030334472656e+07  1.609003448486328125e+07  1.471989631652832031e+07  1.266475772857666016e+07  9.690310478210449219e+06  7.393048763275146484e+06  6.866510391235351562e+06  8.061214447021484375e+06  1.075004959106445312e+07  1.327673339843750000e+07
1.954000000000000000e+03  1.560049915313720703e+07  1.656212234497070312e+07  1.683920478820800781e+07  1.632410812377929688e+07  1.485012245178222656e+07  1.265689373016357422e+07  9.585668563842773438e+06  7.591385364532470703e+06  7.006986141204833984e+06  8.381099700927734375e+06  1.109067916870117188e+07  1.373165416717529297e+07
1.955000000000000000e+03  1.560624504089355469e+07  1.683116149902343750e+07  1.714929008483886719e+07  1.621920585632324219e+07  1.455955028533935547e+07  1.256702041625976562e+07  9.628755569458007812e+06  7.629501342773437500e+06  7.066113948822021484e+06  8.202971458435058594e+06  1.063059329986572266e+07  1.336845779418945312e+07
1.956000000000000000e+03  1.566079235076904297e+07  1.653082847595214844e+07  1.680944633483886719e+07  1.591373252868652344e+07  1.417661571502685547e+07  1.222243499755859375e+07  9.386158943176269531e+06  7.466807365417480469e+06  6.895271301269531250e+06  8.134121894836425781e+06  1.075350856781005859e+07  1.359459304809570312e+07
1.957000000000000000e+03  1.547327232360839844e+07  1.666807937622070312e+07  1.692818450927734375e+07  1.614631843566894531e+07  1.452517127990722656e+07  1.251474666595458984e+07  9.765913009643554688e+06  7.991331100463867188e+06  7.324148654937744141e+06  8.729949951171875000e+06  1.107115554809570312e+07  1.378234195709228516e+07
1.958000000000000000e+03  1.569231414794921875e+07  1.630491065979003906e+07  1.644864082336425781e+07  1.591375827789306641e+07  1.445241546630859375e+07  1.258700561523437500e+07  9.478217124938964844e+06  7.727560520172119141e+06  7.271531105041503906e+06  8.235545158386230469e+06  1.137426471710205078e+07  1.392302799224853516e+07
1.959000000000000000e+03  1.556814002990722656e+07  1.644146919250488281e+07  1.679668426513671875e+07  1.619397544860839844e+07  1.459043216705322266e+07  1.264225387573242188e+07  9.906028747558593750e+06  8.168535232543945312e+06  7.509044170379638672e+06  8.612458229064941406e+06  1.121143913269042969e+07  1.372804927825927734e+07
