1.950000000000000000e+03  1.560374641418457031e+07  1.656414604187011719e+07  1.692191505432128906e+07  1.618191146850585938e+07  1.410757446289062500e+07  1.150337600708007812e+07  8.817315101623535156e+06  7.109324932098388672e+06  6.549638271331787109e+06  7.954875469207763672e+06  1.050706291198730469e+07  1.333217525482177734e+07
1.951000000000000000e+03  1.542139148712158203e+07  1.639644622802734375e+07  1.679808998107910156e+07  1.601545143127441406e+07  1.425272846221923828e+07  1.237815952301025391e+07  9.834412574768066406e+06  7.688434123992919922e+06  6.909026622772216797e+06  8.351674079895019531e+06  1.089302062988281250e+07  1.336778450012207031e+07
1.952000000000000000e+03  1.533555698394775391e+07  1.633643341064453125e+07  1.673211669921875000e+07  1.605228996276855469e+07  1.452259922027587891e+07  1.267263031005859375e+07  9.892573356628417969e+06  7.669881820678710938e+06  6.844928741455078125e+06  7.908918380737304688e+06  1.098408412933349609e+07  1.390219688415527344e+07
1.953000000000000000e+03  1.569060039520263672e+07  1.652442550659179688e+07  1.695670127868652344e+07  1.623838424682617188e+07  1.451566791534423828e+07  1.266454982757568359e+07  1.004082107543945312e+07  8.170043945312500000e+06  7.659870147705078125e+06  8.930162429809570312e+06  1.123341274261474609e+07  1.373273468017578125e+07
1.954000000000000000e+03  1.575317096710205078e+07  1.668225860595703125e+07  1.675270843505859375e+07  1.626780509948730469e+07  1.466550827026367188e+07  1.241059303283691406e+07  9.456487655639648438e+06  7.513893127441406250e+06  7.014248847961425781e+06  8.212111473083496094e+06  1.090882396697998047e+07  1.377594566345214844e+07
1.955000000000000000e+03  1.543112754821777344e+07  1.625028228759765625e+07  1.661274909973144531e+07  1.585480308532714844e+07  1.437644481658935547e+07  1.250343608856201172e+07  1.014947795867919922e+07  7.726957321166992188e+06  7.042363166809082031e+06  8.562613487243652344e+06  1.100343704223632812e+07  1.364162731170654297e+07
1.956000000000000000e+03  1.523525047302246094e+07  1.652066993713378906e+07  1.671827888488769531e+07  1.593264770507812500e+07  1.424475383758544922e+07  1.251163196563720703e+07  1.012258434295654297e+07  8.031618118286132812e+06  7.511620044708251953e+06  8.448564529418945312e+06  1.066382503509521484e+07  1.377989578247070312e+07
1.957000000000000000e+03  1.583240985870361328e+07  1.661255455017089844e+07  1.685660171508789062e+07  1.615565681457519531e+07  1.458897781372070312e+07  1.271077728271484375e+07  1.054187107086181641e+07  8.878584861755371094e+06  8.470586776733398438e+06  9.178746223449707031e+06  1.092214107513427734e+07  1.371674346923828125e+07
1.958000000000000000e+03  1.536342334747314453e+07  1.608778190612792969e+07  1.650711441040039062e+07  1.595615196228027344e+07  1.457062244415283203e+07  1.276031017303466797e+07  1.008341693878173828e+07  8.200398445129394531e+06  7.746057033538818359e+06  9.083777427673339844e+06  1.157315731048583984e+07  1.385612678527832031e+07
1.959000000000000000e+03  1.546571636199951172e+07  1.643929481506347656e+07  1.669284820556640625e+07  1.597655200958251953e+07  1.466975021362304688e+07  1.252954196929931641e+07  9.752005577087402344e+06  8.117029190063476562e+06  7.686240196228027344e+06  8.819910049438476562e+06  1.099183559417724609e+07  1.338820648193359375e+07
