1.950000000000000000e+03  1.565699100494384766e+07  1.661563873291015625e+07  1.703690147399902344e+07  1.670468902587890625e+07  1.519250106811523438e+07  1.241403198242187500e+07  9.190002441406250000e+06  7.632074356079101562e+06  7.301465988159179688e+06  8.513330459594726562e+06  1.129986667633056641e+07  1.383692073822021484e+07
1.951000000000000000e+03  1.563166999816894531e+07  1.671629524230957031e+07  1.726150131225585938e+07  1.662041091918945312e+07  1.470578670501708984e+07  1.224053668975830078e+07  9.931109428405761719e+06  8.144428253173828125e+06  7.169532775878906250e+06  8.192555427551269531e+06  1.080567646026611328e+07  1.355645656585693359e+07
1.952000000000000000e+03  1.569437599182128906e+07  1.675973320007324219e+07  1.730916786193847656e+07  1.638166427612304688e+07  1.453751468658447266e+07  1.225648212432861328e+07  9.342628479003906250e+06  7.437802314758300781e+06  6.679425716400146484e+06  8.208928108215332031e+06  1.061750030517578125e+07  1.353356742858886719e+07
1.953000000000000000e+03  1.549831199645996094e+07  1.685450744628906250e+07  1.714781761169433594e+07  1.653571701049804688e+07  1.495325660705566406e+07  1.279101371765136719e+07  9.685573577880859375e+06  7.446426868438720703e+06  6.643179893493652344e+06  8.047860145568847656e+06  1.119674491882324219e+07  1.438773727416992188e+07
1.954000000000000000e+03  1.616041564941406250e+07  1.685759735107421875e+07  1.718288612365722656e+07  1.638226509094238281e+07  1.509538364410400391e+07  1.307444667816162109e+07  1.031201171875000000e+07  7.944587707519531250e+06  7.061902523040771484e+06  8.543465614318847656e+06  1.123429584503173828e+07  1.392546558380126953e+07
1.955000000000000000e+03  1.574049472808837891e+07  1.675739860534667969e+07  1.696388626098632812e+07  1.626494407653808594e+07  1.460790443420410156e+07  1.281732463836669922e+07  1.039390182495117188e+07  8.645613670349121094e+06  7.916432857513427734e+06  9.207930564880371094e+06  1.151259326934814453e+07  1.409869670867919922e+07
1.956000000000000000e+03  1.594365406036376953e+07  1.682588005065917969e+07  1.706581306457519531e+07  1.631171607971191406e+07  1.487992286682128906e+07  1.260336971282958984e+07  1.028422451019287109e+07  8.781280517578125000e+06  8.340184211730957031e+06  9.733949661254882812e+06  1.164813899993896484e+07  1.414574623107910156e+07
1.957000000000000000e+03  1.586196899414062500e+07  1.666775703430175781e+07  1.686987876892089844e+07  1.624663543701171875e+07  1.450293731689453125e+07  1.278553771972656250e+07  1.032132148742675781e+07  7.852210521697998047e+06  7.303606986999511719e+06  8.522615432739257812e+06  1.089091396331787109e+07  1.377420997619628906e+07
1.958000000000000000e+03  1.564193820953369141e+07  1.656436538696289062e+07  1.674967193603515625e+07  1.593221569061279297e+07  1.440037918090820312e+07  1.284386730194091797e+07  1.002453994750976562e+07  7.959493160247802734e+06  7.656784534454345703e+06  9.032315254211425781e+06  1.137993431091308594e+07  1.387108612060546875e+07
1.959000000000000000e+03  1.519141387939453125e+07  1.617654800415039062e+07  1.647318458557128906e+07  1.579549217224121094e+07  1.436702823638916016e+07  1.276554584503173828e+07  1.035012149810791016e+07  8.430363655090332031e+06  7.546309471130371094e+06  8.787770271301269531e+06  1.125182628631591797e+07  1.382403850555419922e+07
