1.950000000000000000e+03  1.561676788330078125e+07  1.645371627807617188e+07  1.685788536071777344e+07  1.638908958435058594e+07  1.490067672729492188e+07  1.281674194335937500e+07  9.809811592102050781e+06  7.596778392791748047e+06  7.157128334045410156e+06  8.829342842102050781e+06  1.122899627685546875e+07  1.346460342407226562e+07
1.951000000000000000e+03  1.570914936065673828e+07  1.658686256408691406e+07  1.696849441528320312e+07  1.632935142517089844e+07  1.444359493255615234e+07  1.222913932800292969e+07  9.284006118774414062e+06  7.498167514801025391e+06  6.956248283386230469e+06  8.163082122802734375e+06  1.029174232482910156e+07  1.325047111511230469e+07
1.952000000000000000e+03  1.542256927490234375e+07  1.626716804504394531e+07  1.629028892517089844e+07  1.544768428802490234e+07  1.404231548309326172e+07  1.202296638488769531e+07  9.151275634765625000e+06  7.336597442626953125e+06  6.472327232360839844e+06  8.062428474426269531e+06  1.082500171661376953e+07  1.377587413787841797e+07
1.953000000000000000e+03  1.544005393981933594e+07  1.606563949584960938e+07  1.634976577758789062e+07  1.574430084228515625e+07  1.441333484649658203e+07  1.260356044769287109e+07  1.025220108032226562e+07  8.254734039306640625e+06  7.504657745361328125e+06  8.765410423278808594e+06  1.114391613006591797e+07  1.382236003875732422e+07
1.954000000000000000e+03  1.526109218597412109e+07  1.623335838317871094e+07  1.655894470214843750e+07  1.614585304260253906e+07  1.481575202941894531e+07  1.258464145660400391e+07  9.908754348754882812e+06  7.549586296081542969e+06  6.599680900573730469e+06  7.975100517272949219e+06  1.096344089508056641e+07  1.356462383270263672e+07
1.955000000000000000e+03  1.588228893280029297e+07  1.665947151184082031e+07  1.682560157775878906e+07  1.621858596801757812e+07  1.488151168823242188e+07  1.254266643524169922e+07  9.583181381225585938e+06  7.595368862152099609e+06  7.062966823577880859e+06  8.427423477172851562e+06  1.058400821685791016e+07  1.322381019592285156e+07
1.956000000000000000e+03  1.551686573028564453e+07  1.640853500366210938e+07  1.677470970153808594e+07  1.615564918518066406e+07  1.417955112457275391e+07  1.212598228454589844e+07  9.509581565856933594e+06  7.588942527770996094e+06  7.296706199645996094e+06  8.071983337402343750e+06  1.060728836059570312e+07  1.309004974365234375e+07
1.957000000000000000e+03  1.538943767547607422e+07  1.624581336975097656e+07  1.643239402770996094e+07  1.592191791534423828e+07  1.453851413726806641e+07  1.240233802795410156e+07  9.759677886962890625e+06  7.910931110382080078e+06  7.373143196105957031e+06  8.677933692932128906e+06  1.106602001190185547e+07  1.362539291381835938e+07
1.958000000000000000e+03  1.556549930572509766e+07  1.654923248291015625e+07  1.670386123657226562e+07  1.579142665863037109e+07  1.408205413818359375e+07  1.212550067901611328e+07  9.348459243774414062e+06  7.543718338012695312e+06  6.665801525115966797e+06  7.964795112609863281e+06  1.074582958221435547e+07  1.332077217102050781e+07
1.959000000000000000e+03  1.519933700561523438e+07  1.605846214294433594e+07  1.653144264221191406e+07  1.599848747253417969e+07  1.432414054870605469e+07  1.205669593811035156e+07  9.656747817993164062e+06  8.067646026611328125e+06  7.277537345886230469e+06  8.685953140258789062e+06  1.083192062377929688e+07  1.314261817932128906e+07
