1.950000000000000000e+03  1.519898223876953125e+07  1.620059585571289062e+07  1.653885459899902344e+07  1.599563217163085938e+07  1.466625881195068359e+07  1.259609031677246094e+07  9.989622116088867188e+06  8.129181861877441406e+06  7.508762836456298828e+06  9.001620292663574219e+06  1.148733043670654297e+07  1.419079589843750000e+07
1.951000000000000000e+03  1.552855396270751953e+07  1.646140480041503906e+07  1.689249801635742188e+07  1.613225364685058594e+07  1.436623477935791016e+07  1.243705558776855469e+07  1.004951381683349609e+07  7.726442337036132812e+06  6.917510032653808594e+06  8.179119110107421875e+06  1.122731494903564453e+07  1.420479106903076172e+07
1.952000000000000000e+03  1.590404129028320312e+07  1.650168228149414062e+07  1.684526824951171875e+07  1.578575038909912109e+07  1.400072383880615234e+07  1.229552459716796875e+07  1.006041431427001953e+07  8.475557327270507812e+06  7.773802280426025391e+06  9.014772415161132812e+06  1.088528823852539062e+07  1.360452747344970703e+07
1.953000000000000000e+03  1.547256755828857422e+07  1.656544685363769531e+07  1.707727622985839844e+07  1.615942001342773438e+07  1.436174011230468750e+07  1.255976676940917969e+07  9.904236793518066406e+06  7.825121402740478516e+06  7.324119567871093750e+06  8.551618576049804688e+06  1.114674663543701172e+07  1.397218513488769531e+07
1.954000000000000000e+03  1.553174304962158203e+07  1.664325523376464844e+07  1.679001426696777344e+07  1.599953269958496094e+07  1.449035930633544922e+07  1.256822967529296875e+07  9.929134368896484375e+06  8.104331970214843750e+06  7.612457275390625000e+06  8.764389038085937500e+06  1.131119918823242188e+07  1.418614196777343750e+07
1.955000000000000000e+03  1.562176322937011719e+07  1.646212196350097656e+07  1.656860542297363281e+07  1.603665542602539062e+07  1.481435012817382812e+07  1.269671154022216797e+07  9.937556266784667969e+06  8.043533325195312500e+06  7.531974315643310547e+06  8.428915977478027344e+06  1.061965179443359375e+07  1.355881023406982422e+07
1.956000000000000000e+03  1.545671081542968750e+07  1.634909248352050781e+07  1.637332153320312500e+07  1.599901294708251953e+07  1.469234085083007812e+07  1.233128738403320312e+07  8.939091682434082031e+06  7.402151584625244141e+06  6.871880531311035156e+06  8.418583869934082031e+06  1.109333610534667969e+07  1.390165328979492188e+07
1.957000000000000000e+03  1.597028255462646484e+07  1.686695289611816406e+07  1.741346168518066406e+07  1.667350387573242188e+07  1.509693813323974609e+07  1.282552719116210938e+07  1.020790481567382812e+07  8.095710754394531250e+06  7.488726139068603516e+06  8.787207603454589844e+06  1.126226425170898438e+07  1.391908454895019531e+07
1.958000000000000000e+03  1.561439514160156250e+07  1.686654853820800781e+07  1.732999229431152344e+07  1.667125129699707031e+07  1.500673103332519531e+07  1.284270286560058594e+07  1.039917945861816406e+07  8.144333839416503906e+06  7.463978290557861328e+06  8.838893890380859375e+06  1.153282737731933594e+07  1.407453346252441406e+07
1.959000000000000000e+03  1.575689792633056641e+07  1.672239875793457031e+07  1.712312316894531250e+07  1.667451477050781250e+07  1.522021198272705078e+07  1.341086387634277344e+07  1.037181091308593750e+07  8.255050659179687500e+06  7.636500358581542969e+06  8.737856864929199219e+06  1.140397644042968750e+07  1.403872203826904297e+07
