1.950000000000000000e+03  1.552527332305908203e+07  1.661284446716308594e+07  1.688668060302734375e+07  1.614201736450195312e+07  1.432373809814453125e+07  1.213160705566406250e+07  8.979572296142578125e+06  6.678633213043212891e+06  6.102110385894775391e+06  7.445505619049072266e+06  1.032549858093261719e+07  1.301764869689941406e+07
1.951000000000000000e+03  1.498049545288085938e+07  1.586322975158691406e+07  1.633719062805175781e+07  1.556312656402587891e+07  1.393172550201416016e+07  1.219202232360839844e+07  9.656293869018554688e+06  7.656080245971679688e+06  6.874587059020996094e+06  8.229186058044433594e+06  1.063785934448242188e+07  1.338069152832031250e+07
1.952000000000000000e+03  1.498718166351318359e+07  1.606847190856933594e+07  1.658148193359375000e+07  1.606009674072265625e+07  1.446195125579833984e+07  1.246135807037353516e+07  1.006148624420166016e+07  8.620413780212402344e+06  7.908436298370361328e+06  8.944122314453125000e+06  1.113518238067626953e+07  1.382802200317382812e+07
1.953000000000000000e+03  1.561943912506103516e+07  1.658549118041992188e+07  1.671986579895019531e+07  1.619408798217773438e+07  1.455577087402343750e+07  1.250368022918701172e+07  9.701932907104492188e+06  7.631538391113281250e+06  6.944743633270263672e+06  8.127471923828125000e+06  1.123292255401611328e+07  1.411085700988769531e+07
1.954000000000000000e+03  1.565011787414550781e+07  1.660843276977539062e+07  1.710495948791503906e+07  1.639377784729003906e+07  1.472135066986083984e+07  1.235171604156494141e+07  9.679425239562988281e+06  7.948258876800537109e+06  7.372027397155761719e+06  8.444788932800292969e+06  1.104340839385986328e+07  1.375231552124023438e+07
1.955000000000000000e+03  1.545307350158691406e+07  1.646023178100585938e+07  1.667861747741699219e+07  1.598555088043212891e+07  1.472597980499267578e+07  1.266674709320068359e+07  1.035356235504150391e+07  7.580751895904541016e+06  6.667540073394775391e+06  8.267834663391113281e+06  1.110259723663330078e+07  1.384674072265625000e+07
1.956000000000000000e+03  1.539184093475341797e+07  1.658273315429687500e+07  1.686817550659179688e+07  1.605463981628417969e+07  1.461527156829833984e+07  1.251552963256835938e+07  9.920769691467285156e+06  8.566953659057617188e+06  8.169164657592773438e+06  9.388516426086425781e+06  1.094629383087158203e+07  1.363067245483398438e+07
1.957000000000000000e+03  1.521797084808349609e+07  1.615453910827636719e+07  1.681069564819335938e+07  1.613360595703125000e+07  1.447514247894287109e+07  1.229771995544433594e+07  9.979602813720703125e+06  8.142765045166015625e+06  7.445573806762695312e+06  8.568577766418457031e+06  1.119322872161865234e+07  1.359852123260498047e+07
1.958000000000000000e+03  1.549932575225830078e+07  1.646637916564941406e+07  1.706970596313476562e+07  1.628955078125000000e+07  1.496427726745605469e+07  1.273923397064208984e+07  9.983052253723144531e+06  8.223792076110839844e+06  7.485371112823486328e+06  8.606822967529296875e+06  1.103226470947265625e+07  1.410776138305664062e+07
1.959000000000000000e+03  1.537495899200439453e+07  1.627217102050781250e+07  1.655584144592285156e+07  1.592782688140869141e+07  1.431447982788085938e+07  1.210400962829589844e+07  9.254899024963378906e+06  7.721204757690429688e+06  7.512083053588867188e+06  8.415559768676757812e+06  1.090105438232421875e+07  1.367907619476318359e+07
