1.950000000000000000e+03  1.605895042419433594e+07  1.675459480285644531e+07  1.711847496032714844e+07  1.643676185607910156e+07  1.452503395080566406e+07  1.255063438415527344e+07  9.899470329284667969e+06  7.882238388061523438e+06  7.299149513244628906e+06  8.288881301879882812e+06  1.065742778778076172e+07  1.359236621856689453e+07
1.951000000000000000e+03  1.567388439178466797e+07  1.652671432495117188e+07  1.654735755920410156e+07  1.592814731597900391e+07  1.419090652465820312e+07  1.216290664672851562e+07  9.225062370300292969e+06  6.928612709045410156e+06  6.216644287109375000e+06  7.577782154083251953e+06  1.064284133911132812e+07  1.377331256866455078e+07
1.952000000000000000e+03  1.559013938903808594e+07  1.630597877502441406e+07  1.664311218261718750e+07  1.587023544311523438e+07  1.445668697357177734e+07  1.249194240570068359e+07  9.890725135803222656e+06  7.865253925323486328e+06  6.995518684387207031e+06  8.347193717956542969e+06  1.122214889526367188e+07  1.338852024078369141e+07
1.953000000000000000e+03  1.526634693145751953e+07  1.611133003234863281e+07  1.625429344177246094e+07  1.539939498901367188e+07  1.381666564941406250e+07  1.191622924804687500e+07  8.783759117126464844e+06  6.471575260162353516e+06  5.655569076538085938e+06  6.903742313385009766e+06  9.995942115783691406e+06  1.288408946990966797e+07
1.954000000000000000e+03  1.461452007293701172e+07  1.567584228515625000e+07  1.609535789489746094e+07  1.571026706695556641e+07  1.437440490722656250e+07  1.208802890777587891e+07  8.957688331604003906e+06  6.542561054229736328e+06  5.545211791992187500e+06  6.920469760894775391e+06  1.027897644042968750e+07  1.301806640625000000e+07
1.955000000000000000e+03  1.519680976867675781e+07  1.635119819641113281e+07  1.665308189392089844e+07  1.581190395355224609e+07  1.416981315612792969e+07  1.197527122497558594e+07  8.982789993286132812e+06  6.579723834991455078e+06  6.006443500518798828e+06  7.427780628204345703e+06  1.031879043579101562e+07  1.334079265594482422e+07
1.956000000000000000e+03  1.508683490753173828e+07  1.611141014099121094e+07  1.644510841369628906e+07  1.594139766693115234e+07  1.440730953216552734e+07  1.203391647338867188e+07  9.311758041381835938e+06  7.315211772918701172e+06  6.869519233703613281e+06  8.788355827331542969e+06  1.099195671081542969e+07  1.375260639190673828e+07
1.957000000000000000e+03  1.547314357757568359e+07  1.648394203186035156e+07  1.689940643310546875e+07  1.634228324890136719e+07  1.452179527282714844e+07  1.224015331268310547e+07  9.664416313171386719e+06  7.604371547698974609e+06  6.618333816528320312e+06  7.955239772796630859e+06  1.033531475067138672e+07  1.323369216918945312e+07
1.958000000000000000e+03  1.572604084014892578e+07  1.662300682067871094e+07  1.676783370971679688e+07  1.618956375122070312e+07  1.463933086395263672e+07  1.258879470825195312e+07  9.755809783935546875e+06  8.134302139282226562e+06  7.169868946075439453e+06  8.513354301452636719e+06  1.120174217224121094e+07  1.422490596771240234e+07
1.959000000000000000e+03  1.578727722167968750e+07  1.664908599853515625e+07  1.682733154296875000e+07  1.623238945007324219e+07  1.492400836944580078e+07  1.281119918823242188e+07  9.891222000122070312e+06  8.048931121826171875e+06  7.291540145874023438e+06  8.532007217407226562e+06  1.095887184143066406e+07  1.363989162445068359e+07
