1.950000000000000000e+03  1.538069343566894531e+07  1.668633651733398438e+07  1.713364791870117188e+07  1.639980506896972656e+07  1.449350738525390625e+07  1.236104679107666016e+07  9.893644332885742188e+06  7.598367691040039062e+06  6.907949447631835938e+06  8.418091773986816406e+06  1.120697021484375000e+07  1.337109375000000000e+07
1.951000000000000000e+03  1.547704505920410156e+07  1.668256950378417969e+07  1.686096382141113281e+07  1.626422500610351562e+07  1.494080924987792969e+07  1.254880905151367188e+07  9.714252471923828125e+06  7.436830520629882812e+06  6.537992477416992188e+06  7.625567436218261719e+06  1.084425354003906250e+07  1.403225517272949219e+07
1.952000000000000000e+03  1.582140731811523438e+07  1.646472167968750000e+07  1.667938613891601562e+07  1.572988700866699219e+07  1.426294422149658203e+07  1.271950054168701172e+07  1.006645584106445312e+07  8.149268150329589844e+06  7.515558242797851562e+06  8.566790580749511719e+06  1.090656852722167969e+07  1.362974548339843750e+07
1.953000000000000000e+03  1.515621566772460938e+07  1.611224365234375000e+07  1.630454063415527344e+07  1.560000228881835938e+07  1.409887409210205078e+07  1.224506282806396484e+07  9.675263404846191406e+06  7.647233486175537109e+06  7.334975719451904297e+06  8.259077072143554688e+06  1.074981594085693359e+07  1.299274921417236328e+07
1.954000000000000000e+03  1.496336174011230469e+07  1.608652496337890625e+07  1.649245262145996094e+07  1.576396465301513672e+07  1.394828414916992188e+07  1.217850589752197266e+07  9.542089462280273438e+06  7.311098575592041016e+06  6.591406345367431641e+06  8.084300041198730469e+06  1.077079391479492188e+07  1.332435798645019531e+07
1.955000000000000000e+03  1.522558879852294922e+07  1.636246681213378906e+07  1.687268066406250000e+07  1.612676239013671875e+07  1.475850200653076172e+07  1.264845371246337891e+07  9.810857772827148438e+06  7.471698284149169922e+06  6.669735431671142578e+06  8.130380630493164062e+06  1.096268272399902344e+07  1.392168045043945312e+07
1.956000000000000000e+03  1.544209003448486328e+07  1.641725349426269531e+07  1.671138763427734375e+07  1.613263130187988281e+07  1.440198993682861328e+07  1.230895233154296875e+07  9.620518684387207031e+06  7.665580272674560547e+06  7.238208770751953125e+06  8.460572242736816406e+06  1.097493934631347656e+07  1.373446846008300781e+07
1.957000000000000000e+03  1.535786342620849609e+07  1.630109405517578125e+07  1.664950370788574219e+07  1.587854003906250000e+07  1.425225067138671875e+07  1.257735633850097656e+07  9.370012283325195312e+06  6.934010028839111328e+06  6.082618236541748047e+06  7.750754356384277344e+06  1.095926666259765625e+07  1.331901741027832031e+07
1.958000000000000000e+03  1.516331768035888672e+07  1.611403846740722656e+07  1.653042984008789062e+07  1.594776058197021484e+07  1.451272869110107422e+07  1.278266429901123047e+07  9.769507408142089844e+06  7.444541931152343750e+06  6.623292446136474609e+06  8.090329170227050781e+06  1.104750251770019531e+07  1.356367397308349609e+07
1.959000000000000000e+03  1.541475963592529297e+07  1.638051795959472656e+07  1.682860755920410156e+07  1.631613540649414062e+07  1.485744857788085938e+07  1.304639244079589844e+07  9.835979461669921875e+06  7.639649868011474609e+06  6.896531105041503906e+06  8.287592887878417969e+06  1.122136306762695312e+07  1.374707794189453125e+07
