1.950000000000000000e+03  1.572716522216796875e+07  1.655282020568847656e+07  1.706440925598144531e+07  1.644341468811035156e+07  1.491193389892578125e+07  1.283664226531982422e+07  9.682571411132812500e+06  7.953114032745361328e+06  7.671030044555664062e+06  8.709424018859863281e+06  1.135622215270996094e+07  1.400235271453857422e+07
1.951000000000000000e+03  1.595131683349609375e+07  1.680074691772460938e+07  1.727382659912109375e+07  1.644236183166503906e+07  1.468660831451416016e+07  1.221676445007324219e+07  9.079437255859375000e+06  7.077925682067871094e+06  6.610995292663574219e+06  7.659459590911865234e+06  1.070583534240722656e+07  1.375858783721923828e+07
1.952000000000000000e+03  1.597826480865478516e+07  1.694348144531250000e+07  1.701020812988281250e+07  1.625447463989257812e+07  1.468290710449218750e+07  1.279885864257812500e+07  9.899518013000488281e+06  8.211407661437988281e+06  7.620262145996093750e+06  8.820740699768066406e+06  1.112882041931152344e+07  1.405704593658447266e+07
1.953000000000000000e+03  1.579995059967041016e+07  1.649316596984863281e+07  1.679030990600585938e+07  1.613876533508300781e+07  1.481277942657470703e+07  1.274934864044189453e+07  9.923423767089843750e+06  8.463184356689453125e+06  8.119980812072753906e+06  9.219176292419433594e+06  1.150538349151611328e+07  1.422206974029541016e+07
1.954000000000000000e+03  1.570635128021240234e+07  1.649925804138183594e+07  1.696206474304199219e+07  1.644136428833007812e+07  1.493954849243164062e+07  1.297676372528076172e+07  1.041630268096923828e+07  8.232754707336425781e+06  7.547498226165771484e+06  8.881015777587890625e+06  1.155725955963134766e+07  1.411812114715576172e+07
1.955000000000000000e+03  1.594434356689453125e+07  1.680597305297851562e+07  1.720594406127929688e+07  1.669374084472656250e+07  1.524395847320556641e+07  1.285812854766845703e+07  9.415615081787109375e+06  7.176941871643066406e+06  6.693065166473388672e+06  7.740818023681640625e+06  1.092121410369873047e+07  1.386616802215576172e+07
1.956000000000000000e+03  1.623654365539550781e+07  1.678997421264648438e+07  1.694560241699218750e+07  1.597132110595703125e+07  1.438944149017333984e+07  1.272088432312011719e+07  9.880115509033203125e+06  7.481687068939208984e+06  6.766338825225830078e+06  8.190739631652832031e+06  1.114013385772705078e+07  1.461301422119140625e+07
1.957000000000000000e+03  1.616296195983886719e+07  1.677835273742675781e+07  1.709056091308593750e+07  1.593039608001708984e+07  1.435749340057373047e+07  1.244054698944091797e+07  9.579825401306152344e+06  7.478298187255859375e+06  6.631092071533203125e+06  7.900450229644775391e+06  1.092909908294677734e+07  1.375954055786132812e+07
1.958000000000000000e+03  1.594627952575683594e+07  1.673581123352050781e+07  1.696716880798339844e+07  1.616331291198730469e+07  1.483086299896240234e+07  1.240769386291503906e+07  1.014162540435791016e+07  8.460844993591308594e+06  7.904207706451416016e+06  8.664032936096191406e+06  1.104161548614501953e+07  1.399886131286621094e+07
1.959000000000000000e+03  1.604779434204101562e+07  1.723845481872558594e+07  1.767982673645019531e+07  1.710573196411132812e+07  1.543264389038085938e+07  1.245624256134033203e+07  9.678484916687011719e+06  8.054061889648437500e+06  7.642958164215087891e+06  8.694682121276855469e+06  1.113785552978515625e+07  1.372282314300537109e+07
