1.950000000000000000e+03  1.574614048004150391e+07  1.687890815734863281e+07  1.749438667297363281e+07  1.666937637329101562e+07  1.481730556488037109e+07  1.225869274139404297e+07  9.778316497802734375e+06  7.860925674438476562e+06  7.200228214263916016e+06  8.237480163574218750e+06  1.076361465454101562e+07  1.379499435424804688e+07
1.951000000000000000e+03  1.550982952117919922e+07  1.649543380737304688e+07  1.700796127319335938e+07  1.607275390625000000e+07  1.434538555145263672e+07  1.257869911193847656e+07  9.903904914855957031e+06  7.420648574829101562e+06  6.570812225341796875e+06  7.703507900238037109e+06  1.053248119354248047e+07  1.348937320709228516e+07
1.952000000000000000e+03  1.558193874359130859e+07  1.664450645446777344e+07  1.720042991638183594e+07  1.664292716979980469e+07  1.490488815307617188e+07  1.246738338470458984e+07  9.616369247436523438e+06  7.189014434814453125e+06  6.624114036560058594e+06  8.214509963989257812e+06  1.105224704742431641e+07  1.363272380828857422e+07
1.953000000000000000e+03  1.587067222595214844e+07  1.671573638916015625e+07  1.711151885986328125e+07  1.640285682678222656e+07  1.488309764862060547e+07  1.264976692199707031e+07  9.786261558532714844e+06  7.951934814453125000e+06  7.462421417236328125e+06  8.786409378051757812e+06  1.136491680145263672e+07  1.428430461883544922e+07
1.954000000000000000e+03  1.592717075347900391e+07  1.720762825012207031e+07  1.772330284118652344e+07  1.703447532653808594e+07  1.532849979400634766e+07  1.287763690948486328e+07  1.052532577514648438e+07  8.282424926757812500e+06  7.665740013122558594e+06  9.182613372802734375e+06  1.160309886932373047e+07  1.389382743835449219e+07
1.955000000000000000e+03  1.592490386962890625e+07  1.720804214477539062e+07  1.757386589050292969e+07  1.683358383178710938e+07  1.526489257812500000e+07  1.335738372802734375e+07  1.052549552917480469e+07  8.292675018310546875e+06  7.720791339874267578e+06  9.042917251586914062e+06  1.143196964263916016e+07  1.429751205444335938e+07
1.956000000000000000e+03  1.611627388000488281e+07  1.702552413940429688e+07  1.759238433837890625e+07  1.693867111206054688e+07  1.511460304260253906e+07  1.316964054107666016e+07  1.036656665802001953e+07  7.797926425933837891e+06  6.704214572906494141e+06  8.497220039367675781e+06  1.155787754058837891e+07  1.427485561370849609e+07
1.957000000000000000e+03  1.607172966003417969e+07  1.690991401672363281e+07  1.714409446716308594e+07  1.639475059509277344e+07  1.506193256378173828e+07  1.300929355621337891e+07  1.005319404602050781e+07  8.482783317565917969e+06  8.047762870788574219e+06  9.368952751159667969e+06  1.164717864990234375e+07  1.436166477203369141e+07
1.958000000000000000e+03  1.600949287414550781e+07  1.663620376586914062e+07  1.700301742553710938e+07  1.635944557189941406e+07  1.491051387786865234e+07  1.277178382873535156e+07  9.746974945068359375e+06  7.903761386871337891e+06  7.024877548217773438e+06  8.602111816406250000e+06  1.115046119689941406e+07  1.387893676757812500e+07
1.959000000000000000e+03  1.601197052001953125e+07  1.717647552490234375e+07  1.750386238098144531e+07  1.688282585144042969e+07  1.524945545196533203e+07  1.294542789459228516e+07  1.049040126800537109e+07  8.305706024169921875e+06  7.583472251892089844e+06  8.450544357299804688e+06  1.108517551422119141e+07  1.375423336029052734e+07
