1.950000000000000000e+03  1.575461292266845703e+07  1.654292297363281250e+07  1.679259300231933594e+07  1.607722854614257812e+07  1.456922817230224609e+07  1.245629596710205078e+07  9.682623863220214844e+06  8.099368095397949219e+06  7.585291385650634766e+06  8.669162750244140625e+06  1.110778427124023438e+07  1.381230449676513672e+07
1.951000000000000000e+03  1.532327938079833984e+07  1.614368247985839844e+07  1.666941070556640625e+07  1.609510803222656250e+07  1.461944675445556641e+07  1.247725677490234375e+07  9.598157882690429688e+06  7.721875667572021484e+06  6.909589767456054688e+06  7.974883079528808594e+06  1.077365970611572266e+07  1.325134754180908203e+07
1.952000000000000000e+03  1.541557598114013672e+07  1.659940338134765625e+07  1.682556533813476562e+07  1.622215461730957031e+07  1.462449836730957031e+07  1.243526077270507812e+07  9.543408393859863281e+06  7.696647167205810547e+06  7.204360485076904297e+06  8.567830085754394531e+06  1.100593757629394531e+07  1.379448890686035156e+07
1.953000000000000000e+03  1.596967029571533203e+07  1.700031280517578125e+07  1.701541900634765625e+07  1.643398666381835938e+07  1.474433517456054688e+07  1.225102329254150391e+07  9.611421585083007812e+06  7.185547351837158203e+06  6.378941535949707031e+06  7.935468196868896484e+06  1.048046588897705078e+07  1.363548469543457031e+07
1.954000000000000000e+03  1.562910270690917969e+07  1.643292808532714844e+07  1.703409957885742188e+07  1.618367385864257812e+07  1.458858680725097656e+07  1.242551994323730469e+07  9.563080787658691406e+06  7.955860137939453125e+06  7.246490478515625000e+06  8.590515136718750000e+06  1.116182804107666016e+07  1.373197937011718750e+07
1.955000000000000000e+03  1.555300807952880859e+07  1.645339775085449219e+07  1.696252632141113281e+07  1.608421516418457031e+07  1.468929481506347656e+07  1.262122917175292969e+07  9.840161323547363281e+06  7.835143089294433594e+06  7.143063545227050781e+06  8.532236099243164062e+06  1.104765892028808594e+07  1.399113750457763672e+07
1.956000000000000000e+03  1.558926200866699219e+07  1.636917877197265625e+07  1.675899696350097656e+07  1.628716278076171875e+07  1.451963043212890625e+07  1.278888225555419922e+07  9.663200378417968750e+06  7.538712501525878906e+06  6.930112838745117188e+06  7.925302982330322266e+06  1.053981494903564453e+07  1.356641769409179688e+07
1.957000000000000000e+03  1.563167476654052734e+07  1.674463844299316406e+07  1.687041664123535156e+07  1.588485240936279297e+07  1.406571865081787109e+07  1.215761566162109375e+07  9.309152603149414062e+06  7.458747386932373047e+06  6.959736347198486328e+06  8.217250823974609375e+06  1.075845623016357422e+07  1.349139785766601562e+07
1.958000000000000000e+03  1.529347038269042969e+07  1.627504539489746094e+07  1.662936019897460938e+07  1.621548843383789062e+07  1.468522739410400391e+07  1.232949733734130859e+07  9.831757545471191406e+06  7.928646564483642578e+06  7.342232227325439453e+06  8.329963684082031250e+06  1.056291675567626953e+07  1.338973712921142578e+07
1.959000000000000000e+03  1.521618270874023438e+07  1.628219223022460938e+07  1.644373130798339844e+07  1.593789196014404297e+07  1.448188781738281250e+07  1.233718585968017578e+07  9.937350273132324219e+06  7.701143741607666016e+06  6.699910163879394531e+06  8.170131683349609375e+06  1.074918460845947266e+07  1.349362754821777344e+07
