1.950000000000000000e+03  1.578514385223388672e+07  1.681010246276855469e+07  1.717428398132324219e+07  1.658238983154296875e+07  1.475693893432617188e+07  1.230932617187500000e+07  9.602178573608398438e+06  7.840857028961181641e+06  7.410215854644775391e+06  8.450072288513183594e+06  1.087680721282958984e+07  1.397462463378906250e+07
1.951000000000000000e+03  1.615065002441406250e+07  1.707609176635742188e+07  1.725561141967773438e+07  1.634272956848144531e+07  1.464862537384033203e+07  1.278923606872558594e+07  1.006318664550781250e+07  7.709538459777832031e+06  7.060716629028320312e+06  8.638590812683105469e+06  1.128729820251464844e+07  1.386292362213134766e+07
1.952000000000000000e+03  1.554543685913085938e+07  1.654819869995117188e+07  1.685419464111328125e+07  1.605571174621582031e+07  1.440913581848144531e+07  1.292611408233642578e+07  9.887402534484863281e+06  7.554835319519042969e+06  6.583103656768798828e+06  7.809642791748046875e+06  1.113470745086669922e+07  1.386600303649902344e+07
1.953000000000000000e+03  1.573419284820556641e+07  1.688036155700683594e+07  1.729132461547851562e+07  1.676326370239257812e+07  1.524200153350830078e+07  1.312812328338623047e+07  1.069679546356201172e+07  8.838896751403808594e+06  8.170291900634765625e+06  9.407069206237792969e+06  1.162234878540039062e+07  1.400692558288574219e+07
1.954000000000000000e+03  1.570260906219482422e+07  1.674399185180664062e+07  1.706484794616699219e+07  1.647168922424316406e+07  1.479823017120361328e+07  1.298724269866943359e+07  1.026072311401367188e+07  7.311803817749023438e+06  6.166379928588867188e+06  7.738279342651367188e+06  1.121437358856201172e+07  1.402333259582519531e+07
1.955000000000000000e+03  1.579285621643066406e+07  1.668645095825195312e+07  1.698144531250000000e+07  1.635840606689453125e+07  1.501813983917236328e+07  1.308898258209228516e+07  1.022039890289306641e+07  8.461408615112304688e+06  7.583231449127197266e+06  8.747063636779785156e+06  1.115911483764648438e+07  1.391522979736328125e+07
1.956000000000000000e+03  1.595172595977783203e+07  1.681283569335937500e+07  1.704263687133789062e+07  1.602818870544433594e+07  1.441708183288574219e+07  1.258536911010742188e+07  1.000237560272216797e+07  7.827879428863525391e+06  6.875186920166015625e+06  8.644889831542968750e+06  1.092835712432861328e+07  1.363510513305664062e+07
1.957000000000000000e+03  1.534563827514648438e+07  1.616715240478515625e+07  1.667654991149902344e+07  1.621674728393554688e+07  1.468905925750732422e+07  1.270339488983154297e+07  1.028650760650634766e+07  8.176433563232421875e+06  7.271076202392578125e+06  9.059700965881347656e+06  1.136799335479736328e+07  1.388716602325439453e+07
1.958000000000000000e+03  1.581672859191894531e+07  1.666303825378417969e+07  1.695030212402343750e+07  1.612517547607421875e+07  1.465173912048339844e+07  1.264371776580810547e+07  1.026162338256835938e+07  7.915073871612548828e+06  6.960439205169677734e+06  8.304229736328125000e+06  1.117595481872558594e+07  1.389649105072021484e+07
1.959000000000000000e+03  1.571989822387695312e+07  1.668954658508300781e+07  1.693208694458007812e+07  1.621858978271484375e+07  1.475393390655517578e+07  1.257721328735351562e+07  1.009581756591796875e+07  8.252073287963867188e+06  7.529196739196777344e+06  8.644579887390136719e+06  1.137536239624023438e+07  1.385294055938720703e+07
