1.950000000000000000e+03  1.567473793029785156e+07  1.674391555786132812e+07  1.726513481140136719e+07  1.641336250305175781e+07  1.456448364257812500e+07  1.256927108764648438e+07  1.016496467590332031e+07  7.882783412933349609e+06  7.304323673248291016e+06  8.314521789550781250e+06  1.083226394653320312e+07  1.337059688568115234e+07
1.951000000000000000e+03  1.557024192810058594e+07  1.653746032714843750e+07  1.675583457946777344e+07  1.617365837097167969e+07  1.471918010711669922e+07  1.280859851837158203e+07  1.026256465911865234e+07  8.362290382385253906e+06  7.478227615356445312e+06  8.513147354125976562e+06  1.119065380096435547e+07  1.397645759582519531e+07
1.952000000000000000e+03  1.579458618164062500e+07  1.631436729431152344e+07  1.664809226989746094e+07  1.614920043945312500e+07  1.465497779846191406e+07  1.262139606475830078e+07  1.010285091400146484e+07  8.302278518676757812e+06  7.381800651550292969e+06  8.689312934875488281e+06  1.096449565887451172e+07  1.351339340209960938e+07
1.953000000000000000e+03  1.539558601379394531e+07  1.680227088928222656e+07  1.720040130615234375e+07  1.629507637023925781e+07  1.472605514526367188e+07  1.257891845703125000e+07  9.984548568725585938e+06  7.919190406799316406e+06  7.223996162414550781e+06  8.542401313781738281e+06  1.083022785186767578e+07  1.353852081298828125e+07
1.954000000000000000e+03  1.572718906402587891e+07  1.667380523681640625e+07  1.707768058776855469e+07  1.628472900390625000e+07  1.479721927642822266e+07  1.244055652618408203e+07  9.748014450073242188e+06  8.159141540527343750e+06  7.639275074005126953e+06  8.702084541320800781e+06  1.071503162384033203e+07  1.332641220092773438e+07
1.955000000000000000e+03  1.540076255798339844e+07  1.670383644104003906e+07  1.699234199523925781e+07  1.635088539123535156e+07  1.487419509887695312e+07  1.267806148529052734e+07  9.863691329956054688e+06  7.600005149841308594e+06  7.066267013549804688e+06  8.317811012268066406e+06  1.111725807189941406e+07  1.391227912902832031e+07
1.956000000000000000e+03  1.558314704895019531e+07  1.670012092590332031e+07  1.710756874084472656e+07  1.610630798339843750e+07  1.440988636016845703e+07  1.249226856231689453e+07  1.008662319183349609e+07  7.840528488159179688e+06  6.649888515472412109e+06  7.966077327728271484e+06  1.077844905853271484e+07  1.367318630218505859e+07
1.957000000000000000e+03  1.558159446716308594e+07  1.634674453735351562e+07  1.670426177978515625e+07  1.609117698669433594e+07  1.475376129150390625e+07  1.280164146423339844e+07  1.005899620056152344e+07  8.304216384887695312e+06  7.608145236968994141e+06  8.739579200744628906e+06  1.113837242126464844e+07  1.395529747009277344e+07
1.958000000000000000e+03  1.566257762908935547e+07  1.637573051452636719e+07  1.650754547119140625e+07  1.568256378173828125e+07  1.451785659790039062e+07  1.283422374725341797e+07  1.031179332733154297e+07  8.196923255920410156e+06  7.336367607116699219e+06  8.863221168518066406e+06  1.140549468994140625e+07  1.405517864227294922e+07
1.959000000000000000e+03  1.569077587127685547e+07  1.632445907592773438e+07  1.665679740905761719e+07  1.607049179077148438e+07  1.468523788452148438e+07  1.261871433258056641e+07  9.786315917968750000e+06  8.130285263061523438e+06  7.398955345153808594e+06  8.558354377746582031e+06  1.083800983428955078e+07  1.338795948028564453e+07
