1.950000000000000000e+03  1.570431423187255859e+07  1.662767791748046875e+07  1.705873298645019531e+07  1.620889854431152344e+07  1.453019905090332031e+07  1.252398300170898438e+07  1.006375694274902344e+07  8.289385795593261719e+06  7.634488105773925781e+06  8.836091041564941406e+06  1.115672492980957031e+07  1.381640243530273438e+07
1.951000000000000000e+03  1.585263538360595703e+07  1.668835258483886719e+07  1.675605583190917969e+07  1.613335609436035156e+07  1.471800708770751953e+07  1.299581432342529297e+07  1.038346290588378906e+07  8.927557945251464844e+06  8.484067916870117188e+06  9.505011558532714844e+06  1.146651363372802734e+07  1.407081127166748047e+07
1.952000000000000000e+03  1.606023406982421875e+07  1.679001808166503906e+07  1.701637840270996094e+07  1.635678291320800781e+07  1.471023654937744141e+07  1.260581493377685547e+07  9.355725288391113281e+06  7.105677604675292969e+06  6.555758953094482422e+06  8.147618293762207031e+06  1.086407375335693359e+07  1.393747329711914062e+07
1.953000000000000000e+03  1.585336971282958984e+07  1.674688911437988281e+07  1.685903358459472656e+07  1.623763084411621094e+07  1.477619934082031250e+07  1.247443675994873047e+07  9.994380950927734375e+06  8.300060272216796875e+06  7.325453758239746094e+06  8.280055999755859375e+06  1.069842433929443359e+07  1.379668903350830078e+07
1.954000000000000000e+03  1.505956077575683594e+07  1.594061183929443359e+07  1.634902381896972656e+07  1.569131660461425781e+07  1.412830448150634766e+07  1.234754371643066406e+07  9.509469032287597656e+06  7.562960147857666016e+06  6.572917938232421875e+06  7.825047969818115234e+06  1.052282714843750000e+07  1.326146221160888672e+07
1.955000000000000000e+03  1.539210319519042969e+07  1.643639755249023438e+07  1.668606758117675781e+07  1.613451766967773438e+07  1.440412425994873047e+07  1.260716247558593750e+07  1.029435825347900391e+07  8.093096733093261719e+06  7.449851036071777344e+06  8.581908226013183594e+06  1.095742034912109375e+07  1.341855812072753906e+07
1.956000000000000000e+03  1.506363868713378906e+07  1.654949188232421875e+07  1.675621223449707031e+07  1.602947425842285156e+07  1.465094757080078125e+07  1.281872081756591797e+07  1.043681716918945312e+07  8.350699424743652344e+06  7.741157531738281250e+06  9.091228485107421875e+06  1.150386238098144531e+07  1.386455345153808594e+07
1.957000000000000000e+03  1.533862018585205078e+07  1.666602516174316406e+07  1.691500282287597656e+07  1.604181098937988281e+07  1.448839950561523438e+07  1.277971839904785156e+07  1.028725337982177734e+07  8.532188415527343750e+06  7.792832851409912109e+06  8.876204490661621094e+06  1.116021537780761719e+07  1.386202621459960938e+07
1.958000000000000000e+03  1.570268917083740234e+07  1.623232841491699219e+07  1.647483062744140625e+07  1.574182415008544922e+07  1.398429584503173828e+07  1.202838897705078125e+07  9.382763862609863281e+06  7.594735622406005859e+06  6.842223644256591797e+06  7.514920234680175781e+06  1.037335777282714844e+07  1.316274261474609375e+07
1.959000000000000000e+03  1.522744941711425781e+07  1.607878684997558594e+07  1.659758186340332031e+07  1.601920700073242188e+07  1.475380992889404297e+07  1.236324024200439453e+07  9.752317428588867188e+06  8.677454948425292969e+06  8.277238845825195312e+06  9.130322456359863281e+06  1.074144840240478516e+07  1.351418876647949219e+07
