1.950000000000000000e+03  1.517695999145507812e+07  1.641997528076171875e+07  1.701534080505371094e+07  1.623540496826171875e+07  1.476769542694091797e+07  1.271743488311767578e+07  9.637219429016113281e+06  7.452477931976318359e+06  7.006149768829345703e+06  8.240286827087402344e+06  1.099305820465087891e+07  1.357174777984619141e+07
1.951000000000000000e+03  1.525596237182617188e+07  1.613052368164062500e+07  1.629541969299316406e+07  1.580521965026855469e+07  1.429457378387451172e+07  1.223778247833251953e+07  9.290945053100585938e+06  7.392078399658203125e+06  6.590629577636718750e+06  8.075033187866210938e+06  1.074373912811279297e+07  1.353552246093750000e+07
1.952000000000000000e+03  1.520208644866943359e+07  1.639485931396484375e+07  1.670687294006347656e+07  1.609161567687988281e+07  1.467706680297851562e+07  1.240244674682617188e+07  9.626008033752441406e+06  7.759183406829833984e+06  7.014311790466308594e+06  8.373843193054199219e+06  1.084614467620849609e+07  1.374317073822021484e+07
1.953000000000000000e+03  1.550914478302001953e+07  1.627181816101074219e+07  1.679821968078613281e+07  1.624150848388671875e+07  1.462165832519531250e+07  1.229661083221435547e+07  9.678372383117675781e+06  7.565777778625488281e+06  6.469141006469726562e+06  7.558840274810791016e+06  1.066488838195800781e+07  1.375104427337646484e+07
1.954000000000000000e+03  1.566246223449707031e+07  1.655714225769042969e+07  1.699673271179199219e+07  1.640143013000488281e+07  1.495860195159912109e+07  1.267983055114746094e+07  9.789395332336425781e+06  7.505836009979248047e+06  6.990996837615966797e+06  8.329125404357910156e+06  1.095049476623535156e+07  1.382232379913330078e+07
1.955000000000000000e+03  1.533732128143310547e+07  1.635349845886230469e+07  1.681620597839355469e+07  1.631698417663574219e+07  1.447793579101562500e+07  1.244300174713134766e+07  9.696483612060546875e+06  7.543680667877197266e+06  6.250783443450927734e+06  7.585201263427734375e+06  1.037757682800292969e+07  1.310196876525878906e+07
1.956000000000000000e+03  1.516359138488769531e+07  1.623594093322753906e+07  1.670981979370117188e+07  1.590318870544433594e+07  1.453814315795898438e+07  1.254297351837158203e+07  9.584854125976562500e+06  7.392800331115722656e+06  6.937055110931396484e+06  8.250405311584472656e+06  1.043925189971923828e+07  1.335224151611328125e+07
1.957000000000000000e+03  1.544786167144775391e+07  1.622527122497558594e+07  1.646806526184082031e+07  1.572347354888916016e+07  1.425994873046875000e+07  1.239675807952880859e+07  9.152038574218750000e+06  7.120532989501953125e+06  6.313989162445068359e+06  7.523753643035888672e+06  1.067259216308593750e+07  1.319035243988037109e+07
1.958000000000000000e+03  1.516613197326660156e+07  1.599415588378906250e+07  1.638462066650390625e+07  1.568151664733886719e+07  1.404155349731445312e+07  1.183373832702636719e+07  8.938356399536132812e+06  6.658814907073974609e+06  6.139451026916503906e+06  7.182313442230224609e+06  1.038312721252441406e+07  1.300261878967285156e+07
1.959000000000000000e+03  1.461456584930419922e+07  1.570450401306152344e+07  1.592457866668701172e+07  1.538292312622070312e+07  1.399200439453125000e+07  1.206896591186523438e+07  9.190048217773437500e+06  6.952434062957763672e+06  6.333305358886718750e+06  7.459155559539794922e+06  1.026348686218261719e+07  1.301627922058105469e+07
