1.433995628356933594e+01 1.554809093475341797e+01 1.596343994140625000e+01 1.572606563568115234e+01 1.457483291625976562e+01 1.291851043701171875e+01 1.153855609893798828e+01 8.898065567016601562e+00 7.356256484985351562e+00 7.589763164520263672e+00 9.749390602111816406e+00 1.256641960144042969e+01
1.442602825164794922e+01 1.539737796783447266e+01 1.581327056884765625e+01 1.551373291015625000e+01 1.472442054748535156e+01 1.324194908142089844e+01 1.137790203094482422e+01 9.403404235839843750e+00 7.894864559173583984e+00 7.743867397308349609e+00 1.003409194946289062e+01 1.293037128448486328e+01
1.458053302764892578e+01 1.572750473022460938e+01 1.603371810913085938e+01 1.595756149291992188e+01 1.490022659301757812e+01 1.337364196777343750e+01 1.100555896759033203e+01 8.814346313476562500e+00 7.719840526580810547e+00 7.838971614837646484e+00 9.917985916137695312e+00 1.281856346130371094e+01
1.437097930908203125e+01 1.528138542175292969e+01 1.557158946990966797e+01 1.514783477783203125e+01 1.408570384979248047e+01 1.267168426513671875e+01 1.126195335388183594e+01 8.792494773864746094e+00 6.914369583129882812e+00 6.603837490081787109e+00 9.121479988098144531e+00 1.190571689605712891e+01
1.418961048126220703e+01 1.529198169708251953e+01 1.578328037261962891e+01 1.532716655731201172e+01 1.456654548645019531e+01 1.305199432373046875e+01 1.153990268707275391e+01 8.735009193420410156e+00 7.490487098693847656e+00 6.913561344146728516e+00 9.183694839477539062e+00 1.218577671051025391e+01
1.422897911071777344e+01 1.520716381072998047e+01 1.529443931579589844e+01 1.511910629272460938e+01 1.431242179870605469e+01 1.313654899597167969e+01 1.158710384368896484e+01 9.394569396972656250e+00 7.435762882232666016e+00 6.994309902191162109e+00 9.817173004150390625e+00 1.270872116088867188e+01
1.432301425933837891e+01 1.511476612091064453e+01 1.537325096130371094e+01 1.496020221710205078e+01 1.398975181579589844e+01 1.277492237091064453e+01 1.151434421539306641e+01 9.195652008056640625e+00 7.386529445648193359e+00 6.689241886138916016e+00 9.589982032775878906e+00 1.234475040435791016e+01
1.441703701019287109e+01 1.529829406738281250e+01 1.552268314361572266e+01 1.523880386352539062e+01 1.401268386840820312e+01 1.280400753021240234e+01 1.140930080413818359e+01 9.094047546386718750e+00 7.764296531677246094e+00 7.718925952911376953e+00 9.451252937316894531e+00 1.256428623199462891e+01
1.454936504364013672e+01 1.546492862701416016e+01 1.580903911590576172e+01 1.540132713317871094e+01 1.414194297790527344e+01 1.299052047729492188e+01 1.161670207977294922e+01 8.845746040344238281e+00 7.588906288146972656e+00 7.334810256958007812e+00 9.377063751220703125e+00 1.243022632598876953e+01
1.434173393249511719e+01 1.552347850799560547e+01 1.603289985656738281e+01 1.578878593444824219e+01 1.489974498748779297e+01 1.340650463104248047e+01 1.174752998352050781e+01 9.331037521362304688e+00 7.987450122833251953e+00 7.949377536773681641e+00 9.741916656494140625e+00 1.257549858093261719e+01
1.485352230072021484e+01 1.573928642272949219e+01 1.602463912963867188e+01 1.566703796386718750e+01 1.495135021209716797e+01 1.367764949798583984e+01 1.199345588684082031e+01 9.143169403076171875e+00 8.014286994934082031e+00 7.887592792510986328e+00 9.939613342285156250e+00 1.252996158599853516e+01
1.468837261199951172e+01 1.568284130096435547e+01 1.626753807067871094e+01 1.584863376617431641e+01 1.476518249511718750e+01 1.319567966461181641e+01 1.184414005279541016e+01 9.421277999877929688e+00 8.019271850585937500e+00 8.025872230529785156e+00 1.038125324249267578e+01 1.304355525970458984e+01
1.489601516723632812e+01 1.584750366210937500e+01 1.616955566406250000e+01 1.593395328521728516e+01 1.464400768280029297e+01 1.310717964172363281e+01 1.146517848968505859e+01 8.794244766235351562e+00 7.401237964630126953e+00 7.462690830230712891e+00 9.359567642211914062e+00 1.245725727081298828e+01
1.415932273864746094e+01 1.495419502258300781e+01 1.525250816345214844e+01 1.486422824859619141e+01 1.406169319152832031e+01 1.259581565856933594e+01 1.091582489013671875e+01 8.803781509399414062e+00 7.576251506805419922e+00 7.261925697326660156e+00 9.218130111694335938e+00 1.201488590240478516e+01
1.399769687652587891e+01 1.498108673095703125e+01 1.531749629974365234e+01 1.486655139923095703e+01 1.404218387603759766e+01 1.291258621215820312e+01 1.128043842315673828e+01 8.122420310974121094e+00 6.796969413757324219e+00 6.783395767211914062e+00 8.803868293762207031e+00 1.213631057739257812e+01
1.408257579803466797e+01 1.509240055084228516e+01 1.558267307281494141e+01 1.528759288787841797e+01 1.425739765167236328e+01 1.315487003326416016e+01 1.133290481567382812e+01 8.455305099487304688e+00 6.701261043548583984e+00 6.361624717712402344e+00 9.279012680053710938e+00 1.208208942413330078e+01
1.421247768402099609e+01 1.539729404449462891e+01 1.560601520538330078e+01 1.514417171478271484e+01 1.410678863525390625e+01 1.285427856445312500e+01 1.079060649871826172e+01 8.776844024658203125e+00 7.743462085723876953e+00 7.870854377746582031e+00 1.004755401611328125e+01 1.241252136230468750e+01
1.399672126770019531e+01 1.481238937377929688e+01 1.532252979278564453e+01 1.481184577941894531e+01 1.405203342437744141e+01 1.278758335113525391e+01 1.142774581909179688e+01 9.143177032470703125e+00 8.003149032592773438e+00 7.863169670104980469e+00 9.619492530822753906e+00 1.231735515594482422e+01
1.415707302093505859e+01 1.507445240020751953e+01 1.525627517700195312e+01 1.474435138702392578e+01 1.385194683074951172e+01 1.265589714050292969e+01 1.105220699310302734e+01 8.804291725158691406e+00 7.299378871917724609e+00 7.011672019958496094e+00 9.360137939453125000e+00 1.208343505859375000e+01
1.429725170135498047e+01 1.520030689239501953e+01 1.553847217559814453e+01 1.533273983001708984e+01 1.417308902740478516e+01 1.297563457489013672e+01 1.121188068389892578e+01 8.759830474853515625e+00 7.232442855834960938e+00 6.857583045959472656e+00 9.443875312805175781e+00 1.204000186920166016e+01
1.427039146423339844e+01 1.477207469940185547e+01 1.517610931396484375e+01 1.497435951232910156e+01 1.376019191741943359e+01 1.255798435211181641e+01 1.121470832824707031e+01 8.943858146667480469e+00 7.459358692169189453e+00 7.054702758789062500e+00 9.198781967163085938e+00 1.199860477447509766e+01
1.415391826629638672e+01 1.489462375640869141e+01 1.508691501617431641e+01 1.463837337493896484e+01 1.342951011657714844e+01 1.239521026611328125e+01 1.089453125000000000e+01 8.417935371398925781e+00 6.852370262145996094e+00 6.562159061431884766e+00 9.087227821350097656e+00 1.159256267547607422e+01
1.361110591888427734e+01 1.476847267150878906e+01 1.503695201873779297e+01 1.476729583740234375e+01 1.392000198364257812e+01 1.252762794494628906e+01 1.087599372863769531e+01 8.795754432678222656e+00 7.018290042877197266e+00 6.326682090759277344e+00 9.006225585937500000e+00 1.190446758270263672e+01
1.407660579681396484e+01 1.531922626495361328e+01 1.540463256835937500e+01 1.498167037963867188e+01 1.427502727508544922e+01 1.327258682250976562e+01 1.154426670074462891e+01 9.060713768005371094e+00 6.916284561157226562e+00 6.004252433776855469e+00 9.383364677429199219e+00 1.204974365234375000e+01
1.415213012695312500e+01 1.521998882293701172e+01 1.529139137268066406e+01 1.495221424102783203e+01 1.393491458892822266e+01 1.244960117340087891e+01 1.096158218383789062e+01 8.270177841186523438e+00 6.732458114624023438e+00 6.337457656860351562e+00 8.886993408203125000e+00 1.204502296447753906e+01
1.404634571075439453e+01 1.483108234405517578e+01 1.512028598785400391e+01 1.531129169464111328e+01 1.435751342773437500e+01 1.302849578857421875e+01 1.120281791687011719e+01 8.571951866149902344e+00 7.476053714752197266e+00 7.315205574035644531e+00 9.379353523254394531e+00 1.191377067565917969e+01
1.391102695465087891e+01 1.507321453094482422e+01 1.516979217529296875e+01 1.496945953369140625e+01 1.406503009796142578e+01 1.264544582366943359e+01 1.076120376586914062e+01 8.599061965942382812e+00 7.126837253570556641e+00 6.277886390686035156e+00 8.986214637756347656e+00 1.212873840332031250e+01
1.415994262695312500e+01 1.520878028869628906e+01 1.556713771820068359e+01 1.519638061523437500e+01 1.402933788299560547e+01 1.279612064361572266e+01 1.128828811645507812e+01 8.065461158752441406e+00 6.570243358612060547e+00 5.516294956207275391e+00 8.946473121643066406e+00 1.198956298828125000e+01
1.400479125976562500e+01 1.487283515930175781e+01 1.536780834197998047e+01 1.516969680786132812e+01 1.431065464019775391e+01 1.309493064880371094e+01 1.167919635772705078e+01 8.809156417846679688e+00 7.315988540649414062e+00 6.593734264373779297e+00 9.365954399108886719e+00 1.243734836578369141e+01
1.446208000183105469e+01 1.544365978240966797e+01 1.588403511047363281e+01 1.554301548004150391e+01 1.447088050842285156e+01 1.313088703155517578e+01 1.126081371307373047e+01 8.746821403503417969e+00 7.452460765838623047e+00 7.034883499145507812e+00 8.953559875488281250e+00 1.243618774414062500e+01
1.424949359893798828e+01 1.507920837402343750e+01 1.537664031982421875e+01 1.491180801391601562e+01 1.419727230072021484e+01 1.300091552734375000e+01 1.088409519195556641e+01 8.330424308776855469e+00 6.996707916259765625e+00 6.747539520263671875e+00 9.021113395690917969e+00 1.209664440155029297e+01
1.449224758148193359e+01 1.528255558013916016e+01 1.573989295959472656e+01 1.529043388366699219e+01 1.456176853179931641e+01 1.349232959747314453e+01 1.151322937011718750e+01 8.733172416687011719e+00 7.563263893127441406e+00 7.168777942657470703e+00 9.570142745971679688e+00 1.267308807373046875e+01
1.451351833343505859e+01 1.562232208251953125e+01 1.587775516510009766e+01 1.543380165100097656e+01 1.466680335998535156e+01 1.324451160430908203e+01 1.148527336120605469e+01 9.257566452026367188e+00 7.817130565643310547e+00 7.708194732666015625e+00 9.587862968444824219e+00 1.273714637756347656e+01
1.429138278961181641e+01 1.533285903930664062e+01 1.592424678802490234e+01 1.560252380371093750e+01 1.461503982543945312e+01 1.314106655120849609e+01 1.133588600158691406e+01 9.206340789794921875e+00 7.768076896667480469e+00 7.172122001647949219e+00 9.233607292175292969e+00 1.218284893035888672e+01
1.399074077606201172e+01 1.509180450439453125e+01 1.554709053039550781e+01 1.564256286621093750e+01 1.447974491119384766e+01 1.281134319305419922e+01 1.124168205261230469e+01 8.469398498535156250e+00 6.818075180053710938e+00 6.258110523223876953e+00 8.924735069274902344e+00 1.208007431030273438e+01
1.419946289062500000e+01 1.532634449005126953e+01 1.566333484649658203e+01 1.554214096069335938e+01 1.497000217437744141e+01 1.348121738433837891e+01 1.154790496826171875e+01 9.043569564819335938e+00 7.120213985443115234e+00 6.717731952667236328e+00 8.833792686462402344e+00 1.221816444396972656e+01
1.442572879791259766e+01 1.537964534759521484e+01 1.558486557006835938e+01 1.500837516784667969e+01 1.454053211212158203e+01 1.322478580474853516e+01 1.159009838104248047e+01 9.377767562866210938e+00 8.174887657165527344e+00 7.435780048370361328e+00 9.874327659606933594e+00 1.284870624542236328e+01
1.447891044616699219e+01 1.531941223144531250e+01 1.575504207611083984e+01 1.533389282226562500e+01 1.481501770019531250e+01 1.352250099182128906e+01 1.157344913482666016e+01 9.082193374633789062e+00 7.776145458221435547e+00 7.766555786132812500e+00 9.767800331115722656e+00 1.234335231781005859e+01
1.461880016326904297e+01 1.543213081359863281e+01 1.558886623382568359e+01 1.536227035522460938e+01 1.464865398406982422e+01 1.351851558685302734e+01 1.129270935058593750e+01 8.979547500610351562e+00 7.317774295806884766e+00 6.682472705841064453e+00 9.105088233947753906e+00 1.203366851806640625e+01
1.400754261016845703e+01 1.513883113861083984e+01 1.572669601440429688e+01 1.524585533142089844e+01 1.453824329376220703e+01 1.324521923065185547e+01 1.090417194366455078e+01 8.383974075317382812e+00 7.101530551910400391e+00 6.976196289062500000e+00 9.162558555603027344e+00 1.187688350677490234e+01
1.404972076416015625e+01 1.521338844299316406e+01 1.535519886016845703e+01 1.480822277069091797e+01 1.428993511199951172e+01 1.250860977172851562e+01 1.045585536956787109e+01 8.427014350891113281e+00 7.089873313903808594e+00 6.182888507843017578e+00 8.394198417663574219e+00 1.187586021423339844e+01
1.373170566558837891e+01 1.484800720214843750e+01 1.545487403869628906e+01 1.486254310607910156e+01 1.387885856628417969e+01 1.259801483154296875e+01 1.080789661407470703e+01 8.047400474548339844e+00 6.514617919921875000e+00 5.728009223937988281e+00 8.267482757568359375e+00 1.132031345367431641e+01
1.336887454986572266e+01 1.451634693145751953e+01 1.485278415679931641e+01 1.449659442901611328e+01 1.382580757141113281e+01 1.249339008331298828e+01 1.052382087707519531e+01 7.679206848144531250e+00 6.397262573242187500e+00 5.838264942169189453e+00 8.363548278808593750e+00 1.162595081329345703e+01
1.338337993621826172e+01 1.454492664337158203e+01 1.489021873474121094e+01 1.466510486602783203e+01 1.373430633544921875e+01 1.235256195068359375e+01 1.090354061126708984e+01 8.248783111572265625e+00 7.079102039337158203e+00 6.532059669494628906e+00 8.865151405334472656e+00 1.157866001129150391e+01
1.383622169494628906e+01 1.481830692291259766e+01 1.505013561248779297e+01 1.492363643646240234e+01 1.387937736511230469e+01 1.275075244903564453e+01 1.113620948791503906e+01 8.334221839904785156e+00 6.803801059722900391e+00 6.042418003082275391e+00 8.886205673217773438e+00 1.212257957458496094e+01
1.399889659881591797e+01 1.477727317810058594e+01 1.500657367706298828e+01 1.495806026458740234e+01 1.421636390686035156e+01 1.280138301849365234e+01 1.094481945037841797e+01 8.432992935180664062e+00 7.278195858001708984e+00 6.597629547119140625e+00 9.050765991210937500e+00 1.189480018615722656e+01
1.399866676330566406e+01 1.501312255859375000e+01 1.554197311401367188e+01 1.514640522003173828e+01 1.400345230102539062e+01 1.270538139343261719e+01 1.115568447113037109e+01 8.627358436584472656e+00 7.085110187530517578e+00 6.748615264892578125e+00 9.122577667236328125e+00 1.200066471099853516e+01
1.399719142913818359e+01 1.494290733337402344e+01 1.521115875244140625e+01 1.479336547851562500e+01 1.420014667510986328e+01 1.292303562164306641e+01 1.121152496337890625e+01 8.539273262023925781e+00 7.139861583709716797e+00 7.030347824096679688e+00 8.718682289123535156e+00 1.214103603363037109e+01
1.414822101593017578e+01 1.515980052947998047e+01 1.545281982421875000e+01 1.529200744628906250e+01 1.456868648529052734e+01 1.335890007019042969e+01 1.113205623626708984e+01 8.339651107788085938e+00 6.931376934051513672e+00 6.390176773071289062e+00 8.870270729064941406e+00 1.159550952911376953e+01
1.380839443206787109e+01 1.499273777008056641e+01 1.545969009399414062e+01 1.497080135345458984e+01 1.402748966217041016e+01 1.261691379547119141e+01 1.072662639617919922e+01 8.850074768066406250e+00 7.367847442626953125e+00 7.237230300903320312e+00 9.379967689514160156e+00 1.212042808532714844e+01
1.379213333129882812e+01 1.470415878295898438e+01 1.521513462066650391e+01 1.488972568511962891e+01 1.403791618347167969e+01 1.279174137115478516e+01 1.097203731536865234e+01 8.534403800964355469e+00 7.513799190521240234e+00 7.178379535675048828e+00 9.157665252685546875e+00 1.225187969207763672e+01
1.414427185058593750e+01 1.500920009613037109e+01 1.564883804321289062e+01 1.533763694763183594e+01 1.444539260864257812e+01 1.307099914550781250e+01 1.137860012054443359e+01 8.161708831787109375e+00 6.955161094665527344e+00 7.041594505310058594e+00 9.462923049926757812e+00 1.202483272552490234e+01
1.415364170074462891e+01 1.485960865020751953e+01 1.542548274993896484e+01 1.484423351287841797e+01 1.401294517517089844e+01 1.280651092529296875e+01 1.097903156280517578e+01 8.700290679931640625e+00 7.701359748840332031e+00 7.424549102783203125e+00 9.435520172119140625e+00 1.208423995971679688e+01
1.392422199249267578e+01 1.481976127624511719e+01 1.525788402557373047e+01 1.496775245666503906e+01 1.425733661651611328e+01 1.273421764373779297e+01 1.102834224700927734e+01 9.032930374145507812e+00 7.781905651092529297e+00 7.544939994812011719e+00 9.434172630310058594e+00 1.203843879699707031e+01
1.393865489959716797e+01 1.495495891571044922e+01 1.520362567901611328e+01 1.496363735198974609e+01 1.409036827087402344e+01 1.267362594604492188e+01 1.076179599761962891e+01 7.977668762207031250e+00 6.918900966644287109e+00 6.320790767669677734e+00 8.953825950622558594e+00 1.191555690765380859e+01
1.410958290100097656e+01 1.528605556488037109e+01 1.569715118408203125e+01 1.516110229492187500e+01 1.415485000610351562e+01 1.294738197326660156e+01 1.105046367645263672e+01 8.273081779479980469e+00 6.326567173004150391e+00 4.921507358551025391e+00 8.511088371276855469e+00 1.157044410705566406e+01
1.361892223358154297e+01 1.450084304809570312e+01 1.460301113128662109e+01 1.423471832275390625e+01 1.349600315093994141e+01 1.197758674621582031e+01 1.075937747955322266e+01 8.328707695007324219e+00 6.406576156616210938e+00 6.052944660186767578e+00 8.530362129211425781e+00 1.168081569671630859e+01
1.358590221405029297e+01 1.472004699707031250e+01 1.509430408477783203e+01 1.492272853851318359e+01 1.353951835632324219e+01 1.252905368804931641e+01 1.077982044219970703e+01 8.305419921875000000e+00 6.738664627075195312e+00 5.946234226226806641e+00 8.013357162475585938e+00 1.101418685913085938e+01
1.333347511291503906e+01 1.430787754058837891e+01 1.464901638031005859e+01 1.441447353363037109e+01 1.332554817199707031e+01 1.203389453887939453e+01 1.040363693237304688e+01 8.224352836608886719e+00 6.505312919616699219e+00 5.786900043487548828e+00 8.545133590698242188e+00 1.173670196533203125e+01
1.385710620880126953e+01 1.478237056732177734e+01 1.479449176788330078e+01 1.462066078186035156e+01 1.370502853393554688e+01 1.251627063751220703e+01 1.102635002136230469e+01 8.327261924743652344e+00 6.344717502593994141e+00 5.863265991210937500e+00 8.097720146179199219e+00 1.149704456329345703e+01
1.362468910217285156e+01 1.447381496429443359e+01 1.468670177459716797e+01 1.425336837768554688e+01 1.316619014739990234e+01 1.178554248809814453e+01 1.025577354431152344e+01 7.813521862030029297e+00 5.966052055358886719e+00 4.635752201080322266e+00 8.100157737731933594e+00 1.113818645477294922e+01
1.357996177673339844e+01 1.454119396209716797e+01 1.486564636230468750e+01 1.418718910217285156e+01 1.305602836608886719e+01 1.181771469116210938e+01 1.020432662963867188e+01 7.339496612548828125e+00 5.323922157287597656e+00 4.339035987854003906e+00 6.019325733184814453e+00 1.026133823394775391e+01
1.325590038299560547e+01 1.437531089782714844e+01 1.487966060638427734e+01 1.454636669158935547e+01 1.362245655059814453e+01 1.198320579528808594e+01 9.988009452819824219e+00 7.484928607940673828e+00 5.547416687011718750e+00 4.763929843902587891e+00 8.289834976196289062e+00 1.146004009246826172e+01
1.310454368591308594e+01 1.425951290130615234e+01 1.473259449005126953e+01 1.434875965118408203e+01 1.373810577392578125e+01 1.223227119445800781e+01 1.045764541625976562e+01 7.775966167449951172e+00 5.974588871002197266e+00 5.307391166687011719e+00 8.032318115234375000e+00 1.104929542541503906e+01
1.315015888214111328e+01 1.427035903930664062e+01 1.466469287872314453e+01 1.440570163726806641e+01 1.344411468505859375e+01 1.213293552398681641e+01 1.023696994781494141e+01 7.730074405670166016e+00 6.103064060211181641e+00 5.683654785156250000e+00 8.315417289733886719e+00 1.112427330017089844e+01
1.346913337707519531e+01 1.441572666168212891e+01 1.472416687011718750e+01 1.443165779113769531e+01 1.390915489196777344e+01 1.263623714447021484e+01 1.065393066406250000e+01 8.075819015502929688e+00 6.582328319549560547e+00 5.801873207092285156e+00 8.630972862243652344e+00 1.152322673797607422e+01
1.342617225646972656e+01 1.444359874725341797e+01 1.489127731323242188e+01 1.439793968200683594e+01 1.368807029724121094e+01 1.227362060546875000e+01 1.066624736785888672e+01 7.566702365875244141e+00 5.608626365661621094e+00 4.996058940887451172e+00 7.885856628417968750e+00 1.132892036437988281e+01
1.339706802368164062e+01 1.449407577514648438e+01 1.501443767547607422e+01 1.474039840698242188e+01 1.383455371856689453e+01 1.239843368530273438e+01 1.029570388793945312e+01 8.013595581054687500e+00 6.241070747375488281e+00 4.829660892486572266e+00 7.898126125335693359e+00 1.167330169677734375e+01
1.377458763122558594e+01 1.468042182922363281e+01 1.499139785766601562e+01 1.481753158569335938e+01 1.374631977081298828e+01 1.257407569885253906e+01 1.082729530334472656e+01 8.182498931884765625e+00 6.631979942321777344e+00 5.964065551757812500e+00 8.579703330993652344e+00 1.158969116210937500e+01
1.377004909515380859e+01 1.468801307678222656e+01 1.500146007537841797e+01 1.484456157684326172e+01 1.400375556945800781e+01 1.292387866973876953e+01 1.126125144958496094e+01 8.065489768981933594e+00 6.595077514648437500e+00 5.774772167205810547e+00 8.886386871337890625e+00 1.204909706115722656e+01
1.388163089752197266e+01 1.472518825531005859e+01 1.516201114654541016e+01 1.517858409881591797e+01 1.445097923278808594e+01 1.305631065368652344e+01 1.069738197326660156e+01 8.139683723449707031e+00 6.440082073211669922e+00 5.971333980560302734e+00 8.995685577392578125e+00 1.180300235748291016e+01
1.383181667327880859e+01 1.486416816711425781e+01 1.497190189361572266e+01 1.465580368041992188e+01 1.393392372131347656e+01 1.252341938018798828e+01 1.082009410858154297e+01 8.093005180358886719e+00 6.637404441833496094e+00 5.807531356811523438e+00 8.354993820190429688e+00 1.162548446655273438e+01
1.380181121826171875e+01 1.474989604949951172e+01 1.510825252532958984e+01 1.465593338012695312e+01 1.353149509429931641e+01 1.243686389923095703e+01 1.050016212463378906e+01 8.492020606994628906e+00 7.198382854461669922e+00 7.126027107238769531e+00 9.203651428222656250e+00 1.154576969146728516e+01
1.353369617462158203e+01 1.460065555572509766e+01 1.513617610931396484e+01 1.475138187408447266e+01 1.404356861114501953e+01 1.296442985534667969e+01 1.019795608520507812e+01 7.948102951049804688e+00 7.164047718048095703e+00 6.680345535278320312e+00 8.787959098815917969e+00 1.149681854248046875e+01
1.384055137634277344e+01 1.486779880523681641e+01 1.544747161865234375e+01 1.514161872863769531e+01 1.448800659179687500e+01 1.316519737243652344e+01 1.097098731994628906e+01 8.252419471740722656e+00 7.131627082824707031e+00 6.671351432800292969e+00 8.954680442810058594e+00 1.182319831848144531e+01
1.392635250091552734e+01 1.475380802154541016e+01 1.534408664703369141e+01 1.513539028167724609e+01 1.410578346252441406e+01 1.284227657318115234e+01 1.073492908477783203e+01 7.272691726684570312e+00 5.370737075805664062e+00 4.847917556762695312e+00 7.754181385040283203e+00 1.105113601684570312e+01
1.374877548217773438e+01 1.463121128082275391e+01 1.509054660797119141e+01 1.455652427673339844e+01 1.325645160675048828e+01 1.228457260131835938e+01 1.058187007904052734e+01 7.707002162933349609e+00 6.005972862243652344e+00 5.026050567626953125e+00 8.112089157104492188e+00 1.132191658020019531e+01
1.339780616760253906e+01 1.446936035156250000e+01 1.495780181884765625e+01 1.444389629364013672e+01 1.354679012298583984e+01 1.242753601074218750e+01 1.052578735351562500e+01 7.777925014495849609e+00 6.020174026489257812e+00 5.464780807495117188e+00 7.851282596588134766e+00 1.096061897277832031e+01
1.351113414764404297e+01 1.443037414550781250e+01 1.468399238586425781e+01 1.434696006774902344e+01 1.368364238739013672e+01 1.245558738708496094e+01 1.030628585815429688e+01 7.998889923095703125e+00 5.881731033325195312e+00 5.496542453765869141e+00 8.110834121704101562e+00 1.129620647430419922e+01
1.338531398773193359e+01 1.454028320312500000e+01 1.491058540344238281e+01 1.450175094604492188e+01 1.374281215667724609e+01 1.247657394409179688e+01 1.076804447174072266e+01 8.603596687316894531e+00 7.331227302551269531e+00 6.989097595214843750e+00 9.117992401123046875e+00 1.183286952972412109e+01
1.329507446289062500e+01 1.437744808197021484e+01 1.485880279541015625e+01 1.473800277709960938e+01 1.367190933227539062e+01 1.265105342864990234e+01 1.102228927612304688e+01 8.177906990051269531e+00 7.214304924011230469e+00 6.195182800292968750e+00 9.295266151428222656e+00 1.176845073699951172e+01
1.373937416076660156e+01 1.467804050445556641e+01 1.500975131988525391e+01 1.465275382995605469e+01 1.403379154205322266e+01 1.266340255737304688e+01 1.094443798065185547e+01 8.598875045776367188e+00 7.133524417877197266e+00 6.589045524597167969e+00 8.845776557922363281e+00 1.180821418762207031e+01
1.386413574218750000e+01 1.500723361968994141e+01 1.535329818725585938e+01 1.498937606811523438e+01 1.418321418762207031e+01 1.280156517028808594e+01 1.116923046112060547e+01 8.040214538574218750e+00 6.297128200531005859e+00 5.734000682830810547e+00 8.672077178955078125e+00 1.152126312255859375e+01
1.344137573242187500e+01 1.467174339294433594e+01 1.508823204040527344e+01 1.491870975494384766e+01 1.393900489807128906e+01 1.272723388671875000e+01 1.086594009399414062e+01 8.174598693847656250e+00 6.337343692779541016e+00 5.286396980285644531e+00 8.577710151672363281e+00 1.169606590270996094e+01
1.385641860961914062e+01 1.473111057281494141e+01 1.525871086120605469e+01 1.473344802856445312e+01 1.379414749145507812e+01 1.256259155273437500e+01 1.081102752685546875e+01 7.559809207916259766e+00 5.712685585021972656e+00 4.628015995025634766e+00 6.775631904602050781e+00 1.100557041168212891e+01
1.356296920776367188e+01 1.469385337829589844e+01 1.514610671997070312e+01 1.492503356933593750e+01 1.372639846801757812e+01 1.265132427215576172e+01 1.072995090484619141e+01 7.717134475708007812e+00 5.270818710327148438e+00 4.904792308807373047e+00 7.941093921661376953e+00 1.101373291015625000e+01
1.317140293121337891e+01 1.422589492797851562e+01 1.453601360321044922e+01 1.433798313140869141e+01 1.332370281219482422e+01 1.174973106384277344e+01 1.005172443389892578e+01 7.499464511871337891e+00 5.505766391754150391e+00 4.593381404876708984e+00 7.500971794128417969e+00 1.084483051300048828e+01
1.318448734283447266e+01 1.438262271881103516e+01 1.460765266418457031e+01 1.423093605041503906e+01 1.325317573547363281e+01 1.197649574279785156e+01 1.033927536010742188e+01 7.933490276336669922e+00 5.705431461334228516e+00 4.245929241180419922e+00 6.556023597717285156e+00 1.006826591491699219e+01
1.322761821746826172e+01 1.432741069793701172e+01 1.479904460906982422e+01 1.411911582946777344e+01 1.332082176208496094e+01 1.172768306732177734e+01 9.804491043090820312e+00 7.700205326080322266e+00 5.747756958007812500e+00 4.459012508392333984e+00 7.861681461334228516e+00 1.104912948608398438e+01
1.315618705749511719e+01 1.424952888488769531e+01 1.447789478302001953e+01 1.414203548431396484e+01 1.314358901977539062e+01 1.208318042755126953e+01 1.038925647735595703e+01 7.638959407806396484e+00 5.694973945617675781e+00 5.435112476348876953e+00 8.242189407348632812e+00 1.104553318023681641e+01
1.286068534851074219e+01 1.403256130218505859e+01 1.465530681610107422e+01 1.434136104583740234e+01 1.304046344757080078e+01 1.189276218414306641e+01 9.840461730957031250e+00 7.712501525878906250e+00 6.112219810485839844e+00 5.108021736145019531e+00 7.972074508666992188e+00 1.108677768707275391e+01
1.327906608581542969e+01 1.427408123016357422e+01 1.462383174896240234e+01 1.419523715972900391e+01 1.295638370513916016e+01 1.157544517517089844e+01 9.936338424682617188e+00 7.660157203674316406e+00 6.664604663848876953e+00 5.500576972961425781e+00 8.218939781188964844e+00 1.136307811737060547e+01
1.332601165771484375e+01 1.432406520843505859e+01 1.472940826416015625e+01 1.438522720336914062e+01 1.318326091766357422e+01 1.208323287963867188e+01 1.036837673187255859e+01 8.218044281005859375e+00 6.559340953826904297e+00 5.609374046325683594e+00 7.471596240997314453e+00 1.109369087219238281e+01
1.361330032348632812e+01 1.472545146942138672e+01 1.512548828125000000e+01 1.494636058807373047e+01 1.372383403778076172e+01 1.236798572540283203e+01 1.055661773681640625e+01 8.193055152893066406e+00 7.069091320037841797e+00 6.349109172821044922e+00 8.880523681640625000e+00 1.176179313659667969e+01
1.407365226745605469e+01 1.467407798767089844e+01 1.471184730529785156e+01 1.451236343383789062e+01 1.384107017517089844e+01 1.257063388824462891e+01 1.064495086669921875e+01 8.242433547973632812e+00 6.944268703460693359e+00 6.106978416442871094e+00 8.752190589904785156e+00 1.135066413879394531e+01
1.346636772155761719e+01 1.428960990905761719e+01 1.459827041625976562e+01 1.428399372100830078e+01 1.374527740478515625e+01 1.246322727203369141e+01 1.082112121582031250e+01 7.969939708709716797e+00 6.391208171844482422e+00 5.927886009216308594e+00 8.702295303344726562e+00 1.128047275543212891e+01
1.320736980438232422e+01 1.454370403289794922e+01 1.479742717742919922e+01 1.454703044891357422e+01 1.343136692047119141e+01 1.203396797180175781e+01 1.088031101226806641e+01 8.158676147460937500e+00 7.054574966430664062e+00 7.172798156738281250e+00 8.955823898315429688e+00 1.147780227661132812e+01
1.346289062500000000e+01 1.463768100738525391e+01 1.496565818786621094e+01 1.447581386566162109e+01 1.367667102813720703e+01 1.255996799468994141e+01 1.054682922363281250e+01 7.967971801757812500e+00 6.804843902587890625e+00 6.287694454193115234e+00 8.727575302124023438e+00 1.110704994201660156e+01
1.331930065155029297e+01 1.417059898376464844e+01 1.462944316864013672e+01 1.426010799407958984e+01 1.328025150299072266e+01 1.222987079620361328e+01 1.079335021972656250e+01 8.204892158508300781e+00 7.503671646118164062e+00 7.194612503051757812e+00 8.996268272399902344e+00 1.179058933258056641e+01
1.362194728851318359e+01 1.459090328216552734e+01 1.490674114227294922e+01 1.465207862854003906e+01 1.389270496368408203e+01 1.263619995117187500e+01 1.126141548156738281e+01 8.434717178344726562e+00 7.291600704193115234e+00 6.853113174438476562e+00 8.702236175537109375e+00 1.186225509643554688e+01
1.387883090972900391e+01 1.475265979766845703e+01 1.521049213409423828e+01 1.475979328155517578e+01 1.385610771179199219e+01 1.214095306396484375e+01 1.024755096435546875e+01 8.429148674011230469e+00 6.338996887207031250e+00 6.462840557098388672e+00 8.884881973266601562e+00 1.188837623596191406e+01
