1.950000000000000000e+03  1.564521503448486328e+07  1.628907775878906250e+07  1.664108657836914062e+07  1.558382129669189453e+07  1.424195194244384766e+07  1.232801628112792969e+07  9.757355690002441406e+06  7.954092979431152344e+06  7.375679016113281250e+06  8.633227348327636719e+06  1.081669139862060547e+07  1.350901126861572266e+07
1.951000000000000000e+03  1.518688774108886719e+07  1.625236701965332031e+07  1.674916458129882812e+07  1.610942268371582031e+07  1.464312458038330078e+07  1.239683532714843750e+07  9.617236137390136719e+06  7.397405147552490234e+06  6.338258266448974609e+06  7.623997688293457031e+06  1.057729911804199219e+07  1.331998062133789062e+07
1.952000000000000000e+03  1.579334068298339844e+07  1.672816085815429688e+07  1.698104858398437500e+07  1.626679229736328125e+07  1.444172286987304688e+07  1.238236045837402344e+07  9.754878044128417969e+06  7.651972293853759766e+06  6.741142272949218750e+06  8.127894401550292969e+06  1.084764194488525391e+07  1.322735404968261719e+07
1.953000000000000000e+03  1.506887531280517578e+07  1.621563148498535156e+07  1.638694381713867188e+07  1.559225463867187500e+07  1.409558010101318359e+07  1.238553524017333984e+07  9.512846946716308594e+06  7.476704120635986328e+06  6.311283588409423828e+06  7.727478981018066406e+06  1.080281448364257812e+07  1.354698085784912109e+07
1.954000000000000000e+03  1.540957736968994141e+07  1.646880340576171875e+07  1.673607254028320312e+07  1.610768508911132812e+07  1.452802944183349609e+07  1.214715003967285156e+07  9.187779426574707031e+06  7.220137596130371094e+06  6.621335029602050781e+06  8.174741744995117188e+06  1.131790161132812500e+07  1.384994792938232422e+07
1.955000000000000000e+03  1.545103454589843750e+07  1.628425598144531250e+07  1.674492073059082031e+07  1.596482944488525391e+07  1.454918956756591797e+07  1.259949493408203125e+07  1.017040061950683594e+07  8.379567146301269531e+06  7.451273441314697266e+06  8.896304130554199219e+06  1.105304908752441406e+07  1.368532180786132812e+07
1.956000000000000000e+03  1.590559196472167969e+07  1.688321876525878906e+07  1.722359275817871094e+07  1.677498435974121094e+07  1.524230766296386719e+07  1.280160999298095703e+07  1.031748485565185547e+07  8.398385047912597656e+06  7.305561065673828125e+06  9.366805076599121094e+06  1.166436576843261719e+07  1.412539005279541016e+07
1.957000000000000000e+03  1.618441581726074219e+07  1.677063369750976562e+07  1.733139419555664062e+07  1.675520706176757812e+07  1.505869483947753906e+07  1.260618782043457031e+07  9.931069374084472656e+06  7.897812366485595703e+06  7.050303459167480469e+06  8.419477462768554688e+06  1.117546558380126953e+07  1.400586700439453125e+07
1.958000000000000000e+03  1.585946464538574219e+07  1.688983917236328125e+07  1.723800277709960938e+07  1.660698509216308594e+07  1.473231983184814453e+07  1.264002799987792969e+07  9.432918548583984375e+06  6.913093566894531250e+06  6.316839218139648438e+06  7.788622379302978516e+06  1.044232368469238281e+07  1.352384185791015625e+07
1.959000000000000000e+03  1.570789146423339844e+07  1.673391723632812500e+07  1.691823768615722656e+07  1.615293693542480469e+07  1.465760421752929688e+07  1.306780624389648438e+07  1.025239372253417969e+07  8.584559440612792969e+06  8.008147239685058594e+06  9.412078857421875000e+06  1.167537403106689453e+07  1.421329975128173828e+07
