1.950000000000000000e+03  1.474750423431396484e+07  1.575347232818603516e+07  1.618573951721191406e+07  1.561662101745605469e+07  1.417630195617675781e+07  1.217531108856201172e+07  9.627346038818359375e+06  7.849670886993408203e+06  7.231746673583984375e+06  8.612742424011230469e+06  1.058962917327880859e+07  1.326324367523193359e+07
1.951000000000000000e+03  1.478959655761718750e+07  1.588268184661865234e+07  1.657324790954589844e+07  1.602048683166503906e+07  1.438762950897216797e+07  1.236249446868896484e+07  9.399951934814453125e+06  7.176450252532958984e+06  6.325839519500732422e+06  7.760363578796386719e+06  1.080101394653320312e+07  1.362153244018554688e+07
1.952000000000000000e+03  1.556790161132812500e+07  1.658127403259277344e+07  1.712415695190429688e+07  1.616442298889160156e+07  1.464366245269775391e+07  1.252046775817871094e+07  9.204257011413574219e+06  7.048772335052490234e+06  6.366354942321777344e+06  7.440522670745849609e+06  1.077301692962646484e+07  1.369739818572998047e+07
1.953000000000000000e+03  1.543047237396240234e+07  1.647889137268066406e+07  1.657002067565917969e+07  1.597325706481933594e+07  1.449756908416748047e+07  1.262145423889160156e+07  9.723120689392089844e+06  7.679680347442626953e+06  7.133295536041259766e+06  8.501810073852539062e+06  1.101312541961669922e+07  1.373570537567138672e+07
1.954000000000000000e+03  1.557100677490234375e+07  1.668630027770996094e+07  1.710624122619628906e+07  1.655916595458984375e+07  1.492634010314941406e+07  1.260756111145019531e+07  1.005511569976806641e+07  8.481420516967773438e+06  7.304453372955322266e+06  8.771709442138671875e+06  1.132876300811767578e+07  1.399401473999023438e+07
1.955000000000000000e+03  1.583976459503173828e+07  1.657283592224121094e+07  1.668428039550781250e+07  1.629668807983398438e+07  1.472547149658203125e+07  1.231828975677490234e+07  9.824250221252441406e+06  7.573793888092041016e+06  6.609320163726806641e+06  8.088410377502441406e+06  1.078483104705810547e+07  1.344431114196777344e+07
1.956000000000000000e+03  1.552859973907470703e+07  1.656843757629394531e+07  1.687705230712890625e+07  1.598537445068359375e+07  1.464158153533935547e+07  1.253107547760009766e+07  9.317218780517578125e+06  7.071281433105468750e+06  6.485092639923095703e+06  7.728887081146240234e+06  1.043046760559082031e+07  1.356508827209472656e+07
1.957000000000000000e+03  1.589883995056152344e+07  1.672208976745605469e+07  1.713538551330566406e+07  1.644570541381835938e+07  1.511829376220703125e+07  1.266627120971679688e+07  1.032216453552246094e+07  8.533011436462402344e+06  7.735893726348876953e+06  8.575507164001464844e+06  1.115766429901123047e+07  1.416356754302978516e+07
1.958000000000000000e+03  1.593706703186035156e+07  1.679000282287597656e+07  1.699799919128417969e+07  1.642296218872070312e+07  1.490509891510009766e+07  1.319786548614501953e+07  1.042541027069091797e+07  9.067494392395019531e+06  8.310213088989257812e+06  9.394102096557617188e+06  1.153596591949462891e+07  1.394874572753906250e+07
1.959000000000000000e+03  1.545176696777343750e+07  1.624654579162597656e+07  1.648066520690917969e+07  1.584916877746582031e+07  1.441251564025878906e+07  1.294049835205078125e+07  1.021351432800292969e+07  8.419425964355468750e+06  7.925625324249267578e+06  9.003605842590332031e+06  1.139667129516601562e+07  1.383906650543212891e+07
