1.950000000000000000e+03  1.535010623931884766e+07  1.649814796447753906e+07  1.705208969116210938e+07  1.637415885925292969e+07  1.479822731018066406e+07  1.267733478546142578e+07  9.709723472595214844e+06  7.846095561981201172e+06  7.110765933990478516e+06  8.387470245361328125e+06  1.079120445251464844e+07  1.358958530426025391e+07
1.951000000000000000e+03  1.556795215606689453e+07  1.661687278747558594e+07  1.697534942626953125e+07  1.648900413513183594e+07  1.515586662292480469e+07  1.261650753021240234e+07  9.881341934204101562e+06  7.911170005798339844e+06  7.529776573181152344e+06  9.117709159851074219e+06  1.156580448150634766e+07  1.425900650024414062e+07
1.952000000000000000e+03  1.615431404113769531e+07  1.678627014160156250e+07  1.724106025695800781e+07  1.645623588562011719e+07  1.490110683441162109e+07  1.285452175140380859e+07  9.978734016418457031e+06  7.819160461425781250e+06  6.777385234832763672e+06  8.378207206726074219e+06  1.135730934143066406e+07  1.424008941650390625e+07
1.953000000000000000e+03  1.582401371002197266e+07  1.663445472717285156e+07  1.663750839233398438e+07  1.630763053894042969e+07  1.491172313690185547e+07  1.258798408508300781e+07  9.892951011657714844e+06  8.041060447692871094e+06  7.479758739471435547e+06  8.535235404968261719e+06  1.081231594085693359e+07  1.403719234466552734e+07
1.954000000000000000e+03  1.590251255035400391e+07  1.678290748596191406e+07  1.707696533203125000e+07  1.646896743774414062e+07  1.496762657165527344e+07  1.249764919281005859e+07  9.541852951049804688e+06  7.488627910614013672e+06  7.173817157745361328e+06  8.212406158447265625e+06  1.092756366729736328e+07  1.345714759826660156e+07
1.955000000000000000e+03  1.536721515655517578e+07  1.660869789123535156e+07  1.696408271789550781e+07  1.607296180725097656e+07  1.458211898803710938e+07  1.246773815155029297e+07  9.637529373168945312e+06  7.414003849029541016e+06  6.809267044067382812e+06  7.935946464538574219e+06  1.046936225891113281e+07  1.335035800933837891e+07
1.956000000000000000e+03  1.514946842193603516e+07  1.629747200012207031e+07  1.670270538330078125e+07  1.605636596679687500e+07  1.437018966674804688e+07  1.248458862304687500e+07  9.659380912780761719e+06  7.323212146759033203e+06  6.590958118438720703e+06  7.965447425842285156e+06  1.100692939758300781e+07  1.359510231018066406e+07
1.957000000000000000e+03  1.539875411987304688e+07  1.606252288818359375e+07  1.657590866088867188e+07  1.591304016113281250e+07  1.447484302520751953e+07  1.296570110321044922e+07  1.011693382263183594e+07  7.798743247985839844e+06  6.967939853668212891e+06  8.405810356140136719e+06  1.115323162078857422e+07  1.369860744476318359e+07
1.958000000000000000e+03  1.553443622589111328e+07  1.682728958129882812e+07  1.681865692138671875e+07  1.583925247192382812e+07  1.411646080017089844e+07  1.228208923339843750e+07  9.149331092834472656e+06  6.462954044342041016e+06  5.663707256317138672e+06  7.398522377014160156e+06  1.075828456878662109e+07  1.357102489471435547e+07
1.959000000000000000e+03  1.553636169433593750e+07  1.635743904113769531e+07  1.675135803222656250e+07  1.619363784790039062e+07  1.478420257568359375e+07  1.262143325805664062e+07  9.622519493103027344e+06  7.204257965087890625e+06  6.376348972320556641e+06  7.775875568389892578e+06  1.090955257415771484e+07  1.396520805358886719e+07
