1.950000000000000000e+03  1.544205093383789062e+07  1.648056221008300781e+07  1.682107162475585938e+07  1.604122924804687500e+07  1.436202526092529297e+07  1.207646369934082031e+07  9.331715583801269531e+06  7.447793960571289062e+06  7.031269073486328125e+06  7.939380168914794922e+06  1.047869205474853516e+07  1.315375518798828125e+07
1.951000000000000000e+03  1.488143348693847656e+07  1.586582088470458984e+07  1.648311614990234375e+07  1.566164207458496094e+07  1.400405693054199219e+07  1.197059822082519531e+07  9.269804954528808594e+06  7.269141674041748047e+06  6.690875053405761719e+06  7.681544303894042969e+06  1.029019260406494141e+07  1.290987777709960938e+07
1.952000000000000000e+03  1.478896427154541016e+07  1.579698848724365234e+07  1.636916732788085938e+07  1.555871582031250000e+07  1.431491184234619141e+07  1.209277725219726562e+07  9.375470161437988281e+06  7.364591598510742188e+06  6.504555225372314453e+06  7.625251293182373047e+06  1.041973114013671875e+07  1.289013099670410156e+07
1.953000000000000000e+03  1.481481075286865234e+07  1.588877964019775391e+07  1.636848068237304688e+07  1.572190284729003906e+07  1.422860336303710938e+07  1.220699977874755859e+07  9.456898689270019531e+06  7.177536487579345703e+06  6.305158615112304688e+06  7.592326164245605469e+06  1.037949657440185547e+07  1.347773933410644531e+07
1.954000000000000000e+03  1.538312721252441406e+07  1.609734535217285156e+07  1.650946807861328125e+07  1.596959400177001953e+07  1.420828533172607422e+07  1.229874038696289062e+07  9.489735603332519531e+06  7.222018241882324219e+06  6.583640098571777344e+06  7.870225429534912109e+06  1.046988296508789062e+07  1.359310436248779297e+07
1.955000000000000000e+03  1.549259376525878906e+07  1.645561981201171875e+07  1.676341056823730469e+07  1.609666442871093750e+07  1.435258674621582031e+07  1.196411418914794922e+07  9.147338867187500000e+06  7.624268054962158203e+06  7.068539619445800781e+06  8.130825996398925781e+06  1.013736057281494141e+07  1.333220005035400391e+07
1.956000000000000000e+03  1.545454025268554688e+07  1.635270118713378906e+07  1.656222343444824219e+07  1.568183517456054688e+07  1.414692687988281250e+07  1.246619319915771484e+07  9.986730575561523438e+06  8.148684501647949219e+06  7.573351860046386719e+06  8.630274772644042969e+06  1.102480602264404297e+07  1.327676963806152344e+07
1.957000000000000000e+03  1.500592231750488281e+07  1.605327796936035156e+07  1.622207832336425781e+07  1.555209350585937500e+07  1.410724544525146484e+07  1.216457653045654297e+07  9.879884719848632812e+06  7.597944259643554688e+06  6.784862518310546875e+06  8.086289405822753906e+06  1.109972858428955078e+07  1.327196025848388672e+07
1.958000000000000000e+03  1.495303726196289062e+07  1.605798530578613281e+07  1.621338844299316406e+07  1.549383926391601562e+07  1.421938514709472656e+07  1.212398052215576172e+07  9.581098556518554688e+06  7.795227050781250000e+06  7.398975849151611328e+06  8.447200775146484375e+06  1.084552001953125000e+07  1.323368072509765625e+07
1.959000000000000000e+03  1.516984081268310547e+07  1.624891662597656250e+07  1.656498718261718750e+07  1.579263782501220703e+07  1.418477725982666016e+07  1.239330863952636719e+07  9.522983551025390625e+06  7.645477294921875000e+06  7.004901409149169922e+06  8.196227073669433594e+06  1.048742485046386719e+07  1.292565727233886719e+07
