1.950000000000000000e+03  1.567375755310058594e+07  1.656403732299804688e+07  1.707432556152343750e+07  1.631942939758300781e+07  1.479360866546630859e+07  1.297010803222656250e+07  9.814792633056640625e+06  7.605231285095214844e+06  6.646288871765136719e+06  8.089035034179687500e+06  1.121506500244140625e+07  1.392538070678710938e+07
1.951000000000000000e+03  1.555977249145507812e+07  1.664556312561035156e+07  1.670502090454101562e+07  1.567128086090087891e+07  1.376004123687744141e+07  1.192586898803710938e+07  9.410610198974609375e+06  7.241908550262451172e+06  6.525235652923583984e+06  7.560879230499267578e+06  1.036652374267578125e+07  1.345375251770019531e+07
1.952000000000000000e+03  1.518250942230224609e+07  1.589726924896240234e+07  1.633390235900878906e+07  1.580020999908447266e+07  1.431730461120605469e+07  1.228042984008789062e+07  9.404950141906738281e+06  7.627553462982177734e+06  7.266979217529296875e+06  8.576955795288085938e+06  1.099473762512207031e+07  1.342954254150390625e+07
1.953000000000000000e+03  1.546124839782714844e+07  1.663866996765136719e+07  1.680836868286132812e+07  1.610470199584960938e+07  1.476491451263427734e+07  1.254042530059814453e+07  9.579696655273437500e+06  7.433002471923828125e+06  6.959432601928710938e+06  8.050979614257812500e+06  1.049408340454101562e+07  1.396054458618164062e+07
1.954000000000000000e+03  1.578397655487060547e+07  1.688554954528808594e+07  1.706165504455566406e+07  1.611175727844238281e+07  1.498046112060546875e+07  1.273697566986083984e+07  1.009340667724609375e+07  7.965037345886230469e+06  7.032398223876953125e+06  8.206422805786132812e+06  1.103236484527587891e+07  1.361913776397705078e+07
1.955000000000000000e+03  1.547502136230468750e+07  1.641887855529785156e+07  1.695038032531738281e+07  1.642382049560546875e+07  1.468574810028076172e+07  1.284270381927490234e+07  9.964976310729980469e+06  8.097072601318359375e+06  7.469733238220214844e+06  8.884966850280761719e+06  1.102213096618652344e+07  1.367972564697265625e+07
1.956000000000000000e+03  1.584451103210449219e+07  1.663764190673828125e+07  1.685067558288574219e+07  1.619441604614257812e+07  1.469114589691162109e+07  1.257686805725097656e+07  9.761469841003417969e+06  7.797136306762695312e+06  6.976874828338623047e+06  8.128186225891113281e+06  1.100633049011230469e+07  1.385306072235107422e+07
1.957000000000000000e+03  1.553456974029541016e+07  1.657408714294433594e+07  1.706473541259765625e+07  1.642176818847656250e+07  1.478948974609375000e+07  1.302010631561279297e+07  1.038692951202392578e+07  8.303584098815917969e+06  7.400618076324462891e+06  8.921073913574218750e+06  1.133464813232421875e+07  1.386115360260009766e+07
1.958000000000000000e+03  1.564244461059570312e+07  1.661961174011230469e+07  1.695436668395996094e+07  1.646341514587402344e+07  1.503284454345703125e+07  1.270485019683837891e+07  1.010217857360839844e+07  8.396589279174804688e+06  7.955410957336425781e+06  9.349040031433105469e+06  1.139624786376953125e+07  1.381916046142578125e+07
1.959000000000000000e+03  1.570767498016357422e+07  1.660694313049316406e+07  1.675083160400390625e+07  1.642924499511718750e+07  1.467119598388671875e+07  1.265419197082519531e+07  9.795869827270507812e+06  7.971710205078125000e+06  7.351876258850097656e+06  8.626457214355468750e+06  1.138195991516113281e+07  1.384973335266113281e+07
