1.950000000000000000e+03  1.551530838012695312e+07  1.648849487304687500e+07  1.691492462158203125e+07  1.635687828063964844e+07  1.449555206298828125e+07  1.196821498870849609e+07  8.982890129089355469e+06  7.103589534759521484e+06  6.292291164398193359e+06  7.739259243011474609e+06  1.047947120666503906e+07  1.337541580200195312e+07
1.951000000000000000e+03  1.533758640289306641e+07  1.660920524597167969e+07  1.704042243957519531e+07  1.606734085083007812e+07  1.410010337829589844e+07  1.210158538818359375e+07  9.186680793762207031e+06  7.366833209991455078e+06  6.706975460052490234e+06  7.801049709320068359e+06  1.060484027862548828e+07  1.363915634155273438e+07
1.952000000000000000e+03  1.543573284149169922e+07  1.648568916320800781e+07  1.695698165893554688e+07  1.624262619018554688e+07  1.465014362335205078e+07  1.257987689971923828e+07  9.708163261413574219e+06  8.026045799255371094e+06  7.665254592895507812e+06  8.815946578979492188e+06  1.127073192596435547e+07  1.398410606384277344e+07
1.953000000000000000e+03  1.584759998321533203e+07  1.655812263488769531e+07  1.691276741027832031e+07  1.627890014648437500e+07  1.475600814819335938e+07  1.271035671234130859e+07  9.702174186706542969e+06  7.882325172424316406e+06  7.401254653930664062e+06  8.655656814575195312e+06  1.118664073944091797e+07  1.363962650299072266e+07
1.954000000000000000e+03  1.533483695983886719e+07  1.620924758911132812e+07  1.649761009216308594e+07  1.588401699066162109e+07  1.463766956329345703e+07  1.247061634063720703e+07  9.711242675781250000e+06  7.882844924926757812e+06  7.098235607147216797e+06  8.460473060607910156e+06  1.094103527069091797e+07  1.361552524566650391e+07
1.955000000000000000e+03  1.540620994567871094e+07  1.633491897583007812e+07  1.681437683105468750e+07  1.614876747131347656e+07  1.454754447937011719e+07  1.242998504638671875e+07  9.711017608642578125e+06  7.414845466613769531e+06  6.643048763275146484e+06  7.716293811798095703e+06  1.063539791107177734e+07  1.355247783660888672e+07
1.956000000000000000e+03  1.540186595916748047e+07  1.635706329345703125e+07  1.676458358764648438e+07  1.608248519897460938e+07  1.454953002929687500e+07  1.266192626953125000e+07  9.551404953002929688e+06  7.388073444366455078e+06  6.394786357879638672e+06  7.853458404541015625e+06  1.080798912048339844e+07  1.393367385864257812e+07
1.957000000000000000e+03  1.574779701232910156e+07  1.662015533447265625e+07  1.730662727355957031e+07  1.663667678833007812e+07  1.482402801513671875e+07  1.276648712158203125e+07  1.007821750640869141e+07  7.550299644470214844e+06  6.860723972320556641e+06  8.158950805664062500e+06  1.078725433349609375e+07  1.366144847869873047e+07
1.958000000000000000e+03  1.540423011779785156e+07  1.647459793090820312e+07  1.699932289123535156e+07  1.651030540466308594e+07  1.480122947692871094e+07  1.278329753875732422e+07  9.792473793029785156e+06  7.529851913452148438e+06  6.880397796630859375e+06  8.463429450988769531e+06  1.115072059631347656e+07  1.382637691497802734e+07
1.959000000000000000e+03  1.551285648345947266e+07  1.662686920166015625e+07  1.693517684936523438e+07  1.631882095336914062e+07  1.497911739349365234e+07  1.287781810760498047e+07  1.006353473663330078e+07  8.156871795654296875e+06  7.660492897033691406e+06  8.983446121215820312e+06  1.121522235870361328e+07  1.367711448669433594e+07
