1.950000000000000000e+03  1.586308097839355469e+07  1.667529869079589844e+07  1.687315368652343750e+07  1.630339241027832031e+07  1.484953022003173828e+07  1.250321960449218750e+07  9.301836967468261719e+06  7.121297359466552734e+06  6.234388828277587891e+06  7.791945457458496094e+06  1.079704952239990234e+07  1.366771602630615234e+07
1.951000000000000000e+03  1.575836658477783203e+07  1.653673553466796875e+07  1.658217811584472656e+07  1.585809421539306641e+07  1.439298057556152344e+07  1.251027488708496094e+07  9.229079246520996094e+06  7.084069728851318359e+06  6.241851806640625000e+06  7.508541584014892578e+06  1.074918842315673828e+07  1.394189071655273438e+07
1.952000000000000000e+03  1.566079711914062500e+07  1.648035621643066406e+07  1.655049133300781250e+07  1.616332626342773438e+07  1.469182014465332031e+07  1.289777469635009766e+07  9.529556274414062500e+06  7.128686904907226562e+06  6.613873004913330078e+06  8.033126831054687500e+06  1.136947536468505859e+07  1.418141269683837891e+07
1.953000000000000000e+03  1.586524963378906250e+07  1.667584800720214844e+07  1.703752899169921875e+07  1.619102478027343750e+07  1.478369045257568359e+07  1.310839271545410156e+07  1.038739585876464844e+07  8.426402091979980469e+06  7.688848018646240234e+06  9.032654762268066406e+06  1.121380233764648438e+07  1.372165584564208984e+07
1.954000000000000000e+03  1.574947929382324219e+07  1.642347335815429688e+07  1.692895317077636719e+07  1.651174926757812500e+07  1.482990169525146484e+07  1.275560188293457031e+07  1.023500156402587891e+07  7.911528110504150391e+06  7.162070274353027344e+06  8.263632774353027344e+06  1.088386058807373047e+07  1.381950473785400391e+07
1.955000000000000000e+03  1.566799831390380859e+07  1.679662322998046875e+07  1.719066238403320312e+07  1.636039352416992188e+07  1.476399230957031250e+07  1.276139926910400391e+07  9.960366249084472656e+06  8.113591194152832031e+06  7.453928947448730469e+06  8.625103950500488281e+06  1.128462219238281250e+07  1.397609806060791016e+07
1.956000000000000000e+03  1.602362442016601562e+07  1.701886558532714844e+07  1.725111579895019531e+07  1.658128547668457031e+07  1.505532073974609375e+07  1.311150074005126953e+07  1.018566417694091797e+07  8.354604721069335938e+06  7.860815525054931641e+06  9.108336448669433594e+06  1.163118743896484375e+07  1.410056686401367188e+07
1.957000000000000000e+03  1.582128238677978516e+07  1.698298454284667969e+07  1.725902557373046875e+07  1.633674621582031250e+07  1.456192684173583984e+07  1.259289932250976562e+07  9.948204994201660156e+06  8.060112953186035156e+06  7.482723236083984375e+06  8.703514099121093750e+06  1.106649494171142578e+07  1.334579658508300781e+07
1.958000000000000000e+03  1.553687381744384766e+07  1.659918022155761719e+07  1.672313499450683594e+07  1.604102325439453125e+07  1.474710178375244141e+07  1.272125625610351562e+07  9.838982582092285156e+06  8.172553062438964844e+06  7.622713088989257812e+06  8.790903091430664062e+06  1.126263141632080078e+07  1.375850009918212891e+07
1.959000000000000000e+03  1.527858638763427734e+07  1.625399589538574219e+07  1.679816055297851562e+07  1.636005210876464844e+07  1.449665164947509766e+07  1.268385124206542969e+07  1.009364795684814453e+07  7.016821384429931641e+06  6.099617481231689453e+06  7.448916912078857422e+06  1.084673118591308594e+07  1.398077964782714844e+07
