1.950000000000000000e+03  1.564026069641113281e+07  1.662257385253906250e+07  1.681784820556640625e+07  1.618420028686523438e+07  1.478997993469238281e+07  1.253663349151611328e+07  9.993702888488769531e+06  7.896541118621826172e+06  6.990450382232666016e+06  8.370447158813476562e+06  1.091902160644531250e+07  1.358638095855712891e+07
1.951000000000000000e+03  1.516961288452148438e+07  1.609974479675292969e+07  1.635756111145019531e+07  1.589256477355957031e+07  1.440859889984130859e+07  1.213859462738037109e+07  9.349023818969726562e+06  7.673481941223144531e+06  6.924931049346923828e+06  7.905535697937011719e+06  1.047270393371582031e+07  1.328906631469726562e+07
1.952000000000000000e+03  1.536893939971923828e+07  1.597649860382080078e+07  1.627466201782226562e+07  1.585789012908935547e+07  1.430045223236083984e+07  1.229200172424316406e+07  9.842194557189941406e+06  7.300624370574951172e+06  6.668092250823974609e+06  8.176986694335937500e+06  1.118563270568847656e+07  1.370262432098388672e+07
1.953000000000000000e+03  1.567631149291992188e+07  1.676172065734863281e+07  1.717045974731445312e+07  1.662400054931640625e+07  1.485000610351562500e+07  1.254033184051513672e+07  9.228988647460937500e+06  7.094061374664306641e+06  6.255234241485595703e+06  7.621244430541992188e+06  1.050203990936279297e+07  1.352720451354980469e+07
1.954000000000000000e+03  1.555591297149658203e+07  1.650322341918945312e+07  1.688341712951660156e+07  1.635887908935546875e+07  1.466204357147216797e+07  1.253792095184326172e+07  9.636263847351074219e+06  7.723791122436523438e+06  7.020960330963134766e+06  8.012627601623535156e+06  1.061907482147216797e+07  1.339233112335205078e+07
1.955000000000000000e+03  1.540384387969970703e+07  1.637913322448730469e+07  1.663791275024414062e+07  1.612201309204101562e+07  1.463150501251220703e+07  1.251463222503662109e+07  9.813056945800781250e+06  7.843891620635986328e+06  7.130135536193847656e+06  8.214188575744628906e+06  1.059328365325927734e+07  1.318752193450927734e+07
1.956000000000000000e+03  1.505824851989746094e+07  1.602338790893554688e+07  1.643011856079101562e+07  1.565573501586914062e+07  1.427451419830322266e+07  1.237369823455810547e+07  9.505001068115234375e+06  7.560490131378173828e+06  6.849208354949951172e+06  7.940113544464111328e+06  1.031616210937500000e+07  1.335468196868896484e+07
1.957000000000000000e+03  1.570472717285156250e+07  1.655642509460449219e+07  1.674262619018554688e+07  1.595777606964111328e+07  1.421629142761230469e+07  1.236453056335449219e+07  1.006782054901123047e+07  8.204851150512695312e+06  7.643955707550048828e+06  8.856222152709960938e+06  1.127714061737060547e+07  1.366346359252929688e+07
1.958000000000000000e+03  1.532946014404296875e+07  1.657698440551757812e+07  1.689547157287597656e+07  1.614402580261230469e+07  1.474370861053466797e+07  1.264383029937744141e+07  1.011074352264404297e+07  7.933753013610839844e+06  7.375365257263183594e+06  8.408060073852539062e+06  1.080010128021240234e+07  1.404536151885986328e+07
1.959000000000000000e+03  1.581789493560791016e+07  1.675698280334472656e+07  1.703607177734375000e+07  1.653098487854003906e+07  1.505710983276367188e+07  1.315998554229736328e+07  1.022727012634277344e+07  7.190559864044189453e+06  6.192616462707519531e+06  7.472520351409912109e+06  1.103590774536132812e+07  1.427180385589599609e+07
