1.950000000000000000e+03  1.569709491729736328e+07  1.665863227844238281e+07  1.704068374633789062e+07  1.604477310180664062e+07  1.398704528808593750e+07  1.203566265106201172e+07  9.208703041076660156e+06  7.024151325225830078e+06  6.382184028625488281e+06  7.810668945312500000e+06  1.033246612548828125e+07  1.295821762084960938e+07
1.951000000000000000e+03  1.483146381378173828e+07  1.592920970916748047e+07  1.618621063232421875e+07  1.564565277099609375e+07  1.409605789184570312e+07  1.215003299713134766e+07  9.637920379638671875e+06  7.836333751678466797e+06  6.896471023559570312e+06  8.170147895812988281e+06  1.070040607452392578e+07  1.332044124603271484e+07
1.952000000000000000e+03  1.543946266174316406e+07  1.618378067016601562e+07  1.638364219665527344e+07  1.600153350830078125e+07  1.466502857208251953e+07  1.271369552612304688e+07  9.974404335021972656e+06  7.922500610351562500e+06  7.148845195770263672e+06  8.500000953674316406e+06  1.073957061767578125e+07  1.303769111633300781e+07
1.953000000000000000e+03  1.517000675201416016e+07  1.629366302490234375e+07  1.644713973999023438e+07  1.585358047485351562e+07  1.434358119964599609e+07  1.243175601959228516e+07  9.641670227050781250e+06  7.723107814788818359e+06  6.950363636016845703e+06  8.086193084716796875e+06  1.086693000793457031e+07  1.370717811584472656e+07
1.954000000000000000e+03  1.561055374145507812e+07  1.630429077148437500e+07  1.654202651977539062e+07  1.559597873687744141e+07  1.424924087524414062e+07  1.250414848327636719e+07  9.886235237121582031e+06  7.484527111053466797e+06  6.563830852508544922e+06  7.546869277954101562e+06  1.068606948852539062e+07  1.375402259826660156e+07
1.955000000000000000e+03  1.548220634460449219e+07  1.631387329101562500e+07  1.668272209167480469e+07  1.600405120849609375e+07  1.439854145050048828e+07  1.263513278961181641e+07  1.000615692138671875e+07  7.935876846313476562e+06  7.021782398223876953e+06  7.962004184722900391e+06  1.080786418914794922e+07  1.327977275848388672e+07
1.956000000000000000e+03  1.538584232330322266e+07  1.636438560485839844e+07  1.660670089721679688e+07  1.595868873596191406e+07  1.450738811492919922e+07  1.246184062957763672e+07  9.551589965820312500e+06  7.456631660461425781e+06  6.979209899902343750e+06  8.506354331970214844e+06  1.122012042999267578e+07  1.377405929565429688e+07
1.957000000000000000e+03  1.561163234710693359e+07  1.633019828796386719e+07  1.671386337280273438e+07  1.611516952514648438e+07  1.438572025299072266e+07  1.200912094116210938e+07  9.271887779235839844e+06  7.060446739196777344e+06  6.396601200103759766e+06  7.756564140319824219e+06  1.040432357788085938e+07  1.320120716094970703e+07
1.958000000000000000e+03  1.516192150115966797e+07  1.613520622253417969e+07  1.664711761474609375e+07  1.596753501892089844e+07  1.443806838989257812e+07  1.264307975769042969e+07  9.345186233520507812e+06  7.491796016693115234e+06  7.005127906799316406e+06  7.938983440399169922e+06  1.072758579254150391e+07  1.362084579467773438e+07
1.959000000000000000e+03  1.535667419433593750e+07  1.642459678649902344e+07  1.675791740417480469e+07  1.571758365631103516e+07  1.412850379943847656e+07  1.237562561035156250e+07  9.564535140991210938e+06  7.659176349639892578e+06  7.214000701904296875e+06  8.317872047424316406e+06  1.082651615142822266e+07  1.347770118713378906e+07
