1.950000000000000000e+03  1.534895133972167969e+07  1.628079795837402344e+07  1.653873062133789062e+07  1.577345752716064453e+07  1.429654598236083984e+07  1.231172370910644531e+07  9.472148895263671875e+06  7.088698863983154297e+06  6.304792404174804688e+06  7.526918888092041016e+06  9.914147377014160156e+06  1.312202167510986328e+07
1.951000000000000000e+03  1.534191608428955078e+07  1.645008087158203125e+07  1.671626091003417969e+07  1.597935676574707031e+07  1.429950332641601562e+07  1.231623458862304688e+07  9.445297241210937500e+06  7.269280910491943359e+06  6.368700981140136719e+06  7.951054096221923828e+06  1.065979957580566406e+07  1.331501579284667969e+07
1.952000000000000000e+03  1.552788734436035156e+07  1.637720298767089844e+07  1.671970176696777344e+07  1.606168365478515625e+07  1.455490684509277344e+07  1.273786544799804688e+07  9.895549774169921875e+06  7.868772029876708984e+06  6.855289936065673828e+06  8.053557395935058594e+06  1.109114360809326172e+07  1.362385749816894531e+07
1.953000000000000000e+03  1.538306236267089844e+07  1.630114555358886719e+07  1.656619262695312500e+07  1.597869777679443359e+07  1.447025012969970703e+07  1.254470443725585938e+07  9.812090873718261719e+06  8.284964561462402344e+06  7.770098686218261719e+06  8.873504638671875000e+06  1.095314216613769531e+07  1.357115077972412109e+07
1.954000000000000000e+03  1.549758815765380859e+07  1.618152427673339844e+07  1.639249038696289062e+07  1.584757518768310547e+07  1.458602142333984375e+07  1.252036285400390625e+07  1.016042518615722656e+07  7.926606178283691406e+06  7.013634681701660156e+06  8.050640106201171875e+06  1.082948493957519531e+07  1.384938621520996094e+07
1.955000000000000000e+03  1.514273357391357422e+07  1.608414840698242188e+07  1.652957153320312500e+07  1.585469436645507812e+07  1.457543945312500000e+07  1.240359783172607422e+07  9.759558677673339844e+06  7.652043342590332031e+06  7.121259689331054688e+06  8.038184165954589844e+06  1.074283790588378906e+07  1.342307281494140625e+07
1.956000000000000000e+03  1.498296546936035156e+07  1.597843265533447266e+07  1.626433181762695312e+07  1.562605190277099609e+07  1.424683761596679688e+07  1.228836154937744141e+07  9.776040077209472656e+06  8.112138748168945312e+06  7.399599552154541016e+06  8.431349754333496094e+06  1.090807437896728516e+07  1.336145973205566406e+07
1.957000000000000000e+03  1.520354747772216797e+07  1.595562744140625000e+07  1.628451538085937500e+07  1.585865306854248047e+07  1.445794486999511719e+07  1.247739887237548828e+07  9.979425430297851562e+06  8.013298034667968750e+06  7.174272537231445312e+06  8.536825180053710938e+06  1.077216148376464844e+07  1.328988075256347656e+07
1.958000000000000000e+03  1.524238014221191406e+07  1.613636016845703125e+07  1.644082450866699219e+07  1.584645080566406250e+07  1.441778469085693359e+07  1.223516845703125000e+07  9.857319831848144531e+06  8.098563194274902344e+06  7.289469718933105469e+06  8.627619743347167969e+06  1.072609424591064453e+07  1.326828479766845703e+07
1.959000000000000000e+03  1.514026927947998047e+07  1.599796009063720703e+07  1.608200454711914062e+07  1.543320941925048828e+07  1.431341457366943359e+07  1.236679172515869141e+07  9.366003990173339844e+06  7.412204742431640625e+06  7.054570674896240234e+06  8.117612838745117188e+06  1.051384258270263672e+07  1.295547485351562500e+07
