1.950000000000000000e+03  1.527005577087402344e+07  1.625655174255371094e+07  1.659238624572753906e+07  1.601039886474609375e+07  1.419355201721191406e+07  1.239324760437011719e+07  9.547775268554687500e+06  7.706673622131347656e+06  7.235309600830078125e+06  8.390374183654785156e+06  1.046884441375732422e+07  1.327241706848144531e+07
1.951000000000000000e+03  1.560687351226806641e+07  1.638015747070312500e+07  1.681043052673339844e+07  1.627585601806640625e+07  1.456616592407226562e+07  1.249772930145263672e+07  9.582170486450195312e+06  7.814828872680664062e+06  7.073827743530273438e+06  8.068202018737792969e+06  1.062406158447265625e+07  1.377542781829833984e+07
1.952000000000000000e+03  1.584655952453613281e+07  1.670165634155273438e+07  1.687965011596679688e+07  1.638571166992187500e+07  1.472391986846923828e+07  1.226053237915039062e+07  9.483684539794921875e+06  7.662274837493896484e+06  7.344475746154785156e+06  8.503703117370605469e+06  1.099889564514160156e+07  1.372075366973876953e+07
1.953000000000000000e+03  1.585966587066650391e+07  1.669377136230468750e+07  1.703017997741699219e+07  1.631384849548339844e+07  1.467260551452636719e+07  1.284474945068359375e+07  1.011631965637207031e+07  7.849914550781250000e+06  6.879791259765625000e+06  8.526438713073730469e+06  1.164070796966552734e+07  1.448551082611083984e+07
1.954000000000000000e+03  1.596324062347412109e+07  1.679166603088378906e+07  1.719270133972167969e+07  1.647033500671386719e+07  1.487508678436279297e+07  1.293664073944091797e+07  1.029374980926513672e+07  7.948549747467041016e+06  7.412108898162841797e+06  8.558317184448242188e+06  1.139134407043457031e+07  1.430325889587402344e+07
1.955000000000000000e+03  1.609398460388183594e+07  1.685714149475097656e+07  1.719952583312988281e+07  1.627486038208007812e+07  1.464076137542724609e+07  1.250877571105957031e+07  9.817070960998535156e+06  8.369328498840332031e+06  7.677977561950683594e+06  8.875946998596191406e+06  1.088156032562255859e+07  1.342008781433105469e+07
1.956000000000000000e+03  1.568474388122558594e+07  1.630033874511718750e+07  1.674634933471679688e+07  1.623408508300781250e+07  1.469511508941650391e+07  1.266176700592041016e+07  9.856781959533691406e+06  8.170480728149414062e+06  7.687803268432617188e+06  9.041187286376953125e+06  1.124958705902099609e+07  1.417032051086425781e+07
1.957000000000000000e+03  1.584079265594482422e+07  1.690839195251464844e+07  1.742382812500000000e+07  1.644394874572753906e+07  1.474095630645751953e+07  1.266249752044677734e+07  9.872959136962890625e+06  7.424967765808105469e+06  6.725032806396484375e+06  7.454290866851806641e+06  1.047450733184814453e+07  1.328621959686279297e+07
1.958000000000000000e+03  1.548161697387695312e+07  1.662454605102539062e+07  1.717259216308593750e+07  1.655462455749511719e+07  1.504226493835449219e+07  1.299519348144531250e+07  1.002811241149902344e+07  8.201070785522460938e+06  7.557316303253173828e+06  8.902101516723632812e+06  1.133058834075927734e+07  1.424618434906005859e+07
1.959000000000000000e+03  1.596392917633056641e+07  1.699431991577148438e+07  1.733322715759277344e+07  1.644040679931640625e+07  1.472161102294921875e+07  1.258267307281494141e+07  1.016317081451416016e+07  7.837462425231933594e+06  6.899141788482666016e+06  8.547899246215820312e+06  1.127546596527099609e+07  1.417594242095947266e+07
