1.950000000000000000e+03  1.603615760803222656e+07  1.691268157958984375e+07  1.707266616821289062e+07  1.643295860290527344e+07  1.481997013092041016e+07  1.301983833312988281e+07  1.035899925231933594e+07  8.068822860717773438e+06  7.043425083160400391e+06  8.554732322692871094e+06  1.167540931701660156e+07  1.414888858795166016e+07
1.951000000000000000e+03  1.586505508422851562e+07  1.675741767883300781e+07  1.682476425170898438e+07  1.605383300781250000e+07  1.447748470306396484e+07  1.292734241485595703e+07  1.006440162658691406e+07  8.237271308898925781e+06  7.747764587402343750e+06  8.990258216857910156e+06  1.120606708526611328e+07  1.386813545227050781e+07
1.952000000000000000e+03  1.557178974151611328e+07  1.648734092712402344e+07  1.684403800964355469e+07  1.614159584045410156e+07  1.479380893707275391e+07  1.281383228302001953e+07  1.047429656982421875e+07  8.203366279602050781e+06  7.489974021911621094e+06  8.833917617797851562e+06  1.165260601043701172e+07  1.421378993988037109e+07
1.953000000000000000e+03  1.555366516113281250e+07  1.647513008117675781e+07  1.684127235412597656e+07  1.611377716064453125e+07  1.463815593719482422e+07  1.251210880279541016e+07  9.813190460205078125e+06  7.434194564819335938e+06  6.797721385955810547e+06  8.111632347106933594e+06  1.089771747589111328e+07  1.371343898773193359e+07
1.954000000000000000e+03  1.536945247650146484e+07  1.648716163635253906e+07  1.684679794311523438e+07  1.585589885711669922e+07  1.460559082031250000e+07  1.262915611267089844e+07  9.889652252197265625e+06  7.560329437255859375e+06  6.702208995819091797e+06  7.748723983764648438e+06  1.040706729888916016e+07  1.297814559936523438e+07
1.955000000000000000e+03  1.508314609527587891e+07  1.624661636352539062e+07  1.647992897033691406e+07  1.568808364868164062e+07  1.413445472717285156e+07  1.209038829803466797e+07  8.936690330505371094e+06  6.878965377807617188e+06  6.384962081909179688e+06  7.605613231658935547e+06  1.057746982574462891e+07  1.330928993225097656e+07
1.956000000000000000e+03  1.531584358215332031e+07  1.636309814453125000e+07  1.663990020751953125e+07  1.600459098815917969e+07  1.428378391265869141e+07  1.215326786041259766e+07  9.136285781860351562e+06  7.408621788024902344e+06  6.658405780792236328e+06  7.841684818267822266e+06  1.083348655700683594e+07  1.389980030059814453e+07
1.957000000000000000e+03  1.565704631805419922e+07  1.638134574890136719e+07  1.688808441162109375e+07  1.626761245727539062e+07  1.469645595550537109e+07  1.266820526123046875e+07  9.590754508972167969e+06  8.063054084777832031e+06  7.663713932037353516e+06  8.649132728576660156e+06  1.110290527343750000e+07  1.360170841217041016e+07
1.958000000000000000e+03  1.579467773437500000e+07  1.670766830444335938e+07  1.701473236083984375e+07  1.658150672912597656e+07  1.490506362915039062e+07  1.252938175201416016e+07  9.758158683776855469e+06  7.733346939086914062e+06  7.233488082885742188e+06  8.460742950439453125e+06  1.146851348876953125e+07  1.411635971069335938e+07
1.959000000000000000e+03  1.602253341674804688e+07  1.688389587402343750e+07  1.718997764587402344e+07  1.639464378356933594e+07  1.451640510559082031e+07  1.255643081665039062e+07  9.907928466796875000e+06  7.453138828277587891e+06  6.605921268463134766e+06  7.994578838348388672e+06  1.107815933227539062e+07  1.361153221130371094e+07
