1.950000000000000000e+03  1.476295948028564453e+07  1.583775043487548828e+07  1.641160392761230469e+07  1.574502754211425781e+07  1.450501728057861328e+07  1.233287143707275391e+07  9.440577507019042969e+06  7.537344932556152344e+06  6.418495655059814453e+06  8.014990806579589844e+06  1.084708023071289062e+07  1.371550941467285156e+07
1.951000000000000000e+03  1.535435485839843750e+07  1.622684097290039062e+07  1.657884407043457031e+07  1.583154296875000000e+07  1.412161159515380859e+07  1.224808597564697266e+07  9.516610145568847656e+06  7.741950035095214844e+06  7.149999141693115234e+06  8.476571083068847656e+06  1.087748718261718750e+07  1.374082565307617188e+07
1.952000000000000000e+03  1.557680511474609375e+07  1.645009613037109375e+07  1.695049476623535156e+07  1.623456001281738281e+07  1.487421607971191406e+07  1.273088741302490234e+07  1.011813163757324219e+07  8.012198448181152344e+06  7.476397037506103516e+06  8.489545822143554688e+06  1.111702251434326172e+07  1.382405281066894531e+07
1.953000000000000000e+03  1.578765010833740234e+07  1.674051284790039062e+07  1.705628204345703125e+07  1.654687690734863281e+07  1.492498970031738281e+07  1.277226543426513672e+07  9.940714836120605469e+06  8.644826889038085938e+06  8.205517768859863281e+06  9.256641387939453125e+06  1.153645896911621094e+07  1.420036315917968750e+07
1.954000000000000000e+03  1.604106521606445312e+07  1.699415969848632812e+07  1.734500885009765625e+07  1.651963615417480469e+07  1.472566127777099609e+07  1.284934425354003906e+07  1.007867050170898438e+07  8.462072372436523438e+06  7.973571777343750000e+06  8.873124122619628906e+06  1.082942295074462891e+07  1.337957763671875000e+07
1.955000000000000000e+03  1.564770126342773438e+07  1.667850494384765625e+07  1.707938385009765625e+07  1.665790557861328125e+07  1.505990314483642578e+07  1.283093452453613281e+07  1.022001457214355469e+07  8.043648719787597656e+06  7.112394332885742188e+06  8.962803840637207031e+06  1.166342544555664062e+07  1.398993778228759766e+07
1.956000000000000000e+03  1.577839088439941406e+07  1.676122283935546875e+07  1.729945182800292969e+07  1.659444046020507812e+07  1.502645492553710938e+07  1.258206939697265625e+07  9.745029449462890625e+06  7.508111953735351562e+06  6.697737693786621094e+06  8.290427207946777344e+06  1.124946784973144531e+07  1.390556430816650391e+07
1.957000000000000000e+03  1.582054042816162109e+07  1.692754364013671875e+07  1.730281066894531250e+07  1.669156837463378906e+07  1.509617137908935547e+07  1.305381393432617188e+07  1.077417850494384766e+07  8.723111152648925781e+06  8.365722656250000000e+06  9.484115600585937500e+06  1.143107795715332031e+07  1.437443542480468750e+07
1.958000000000000000e+03  1.619078826904296875e+07  1.741459655761718750e+07  1.741607666015625000e+07  1.685324478149414062e+07  1.544756603240966797e+07  1.330384922027587891e+07  1.037932205200195312e+07  8.194864273071289062e+06  7.332094192504882812e+06  8.636868476867675781e+06  1.168883800506591797e+07  1.469737815856933594e+07
1.959000000000000000e+03  1.628821563720703125e+07  1.726763343811035156e+07  1.758694458007812500e+07  1.670902442932128906e+07  1.490348911285400391e+07  1.294250965118408203e+07  1.070454597473144531e+07  8.544043540954589844e+06  7.776083946228027344e+06  8.827681541442871094e+06  1.123803329467773438e+07  1.425178432464599609e+07
