1.950000000000000000e+03  1.562334918975830078e+07  1.651541709899902344e+07  1.700581550598144531e+07  1.629506874084472656e+07  1.479325866699218750e+07  1.249322319030761719e+07  9.671992301940917969e+06  7.702636718750000000e+06  7.050585746765136719e+06  8.428940773010253906e+06  1.075224494934082031e+07  1.329966831207275391e+07
1.951000000000000000e+03  1.575903320312500000e+07  1.649431800842285156e+07  1.688974380493164062e+07  1.616547393798828125e+07  1.446563339233398438e+07  1.223120784759521484e+07  9.443977355957031250e+06  7.514512062072753906e+06  6.831122398376464844e+06  7.565268993377685547e+06  1.060806274414062500e+07  1.345660305023193359e+07
1.952000000000000000e+03  1.556563854217529297e+07  1.647847938537597656e+07  1.676342582702636719e+07  1.629687309265136719e+07  1.427318668365478516e+07  1.177089881896972656e+07  9.081030845642089844e+06  7.531951427459716797e+06  7.011534690856933594e+06  8.180553436279296875e+06  1.054772377014160156e+07  1.370174694061279297e+07
1.953000000000000000e+03  1.544418334960937500e+07  1.658168411254882812e+07  1.711252593994140625e+07  1.652295303344726562e+07  1.465011310577392578e+07  1.230528640747070312e+07  9.891818046569824219e+06  6.630373001098632812e+06  5.972510814666748047e+06  7.173468589782714844e+06  1.048923015594482422e+07  1.375223731994628906e+07
1.954000000000000000e+03  1.568983459472656250e+07  1.672010803222656250e+07  1.696918106079101562e+07  1.616407775878906250e+07  1.432762241363525391e+07  1.263986396789550781e+07  1.004656410217285156e+07  8.139247894287109375e+06  7.498292446136474609e+06  8.729799270629882812e+06  1.123433399200439453e+07  1.392089366912841797e+07
1.955000000000000000e+03  1.588535690307617188e+07  1.661877822875976562e+07  1.675004959106445312e+07  1.619329071044921875e+07  1.472025966644287109e+07  1.254996585845947266e+07  9.516792297363281250e+06  7.377592086791992188e+06  6.980241298675537109e+06  8.051216125488281250e+06  1.072909641265869141e+07  1.351215076446533203e+07
1.956000000000000000e+03  1.542381763458251953e+07  1.628912353515625000e+07  1.685740661621093750e+07  1.610247230529785156e+07  1.457455253601074219e+07  1.253553676605224609e+07  9.631197929382324219e+06  7.572463989257812500e+06  6.872959613800048828e+06  8.277106285095214844e+06  1.102947711944580078e+07  1.354032516479492188e+07
1.957000000000000000e+03  1.554094600677490234e+07  1.603641510009765625e+07  1.628201293945312500e+07  1.578884315490722656e+07  1.438315296173095703e+07  1.265377235412597656e+07  9.848578453063964844e+06  7.851643085479736328e+06  7.047445774078369141e+06  8.211274147033691406e+06  1.103379821777343750e+07  1.350985813140869141e+07
1.958000000000000000e+03  1.540996742248535156e+07  1.625722122192382812e+07  1.641288757324218750e+07  1.553058815002441406e+07  1.403670978546142578e+07  1.240087985992431641e+07  9.591422080993652344e+06  7.840967655181884766e+06  7.420134544372558594e+06  8.761284828186035156e+06  1.080974578857421875e+07  1.303625679016113281e+07
1.959000000000000000e+03  1.506692409515380859e+07  1.629640197753906250e+07  1.628685188293457031e+07  1.557500457763671875e+07  1.406462764739990234e+07  1.205422306060791016e+07  9.270367622375488281e+06  7.236415863037109375e+06  6.269508838653564453e+06  7.619771957397460938e+06  1.038151931762695312e+07  1.312433433532714844e+07
