1.950000000000000000e+03 1.549963378906250000e+04 1.883195114135742188e+04 2.147224044799804688e+04 2.252911949157714844e+04 2.097302627563476562e+04 1.617468833923339844e+04 1.034010505676269531e+04 6.681438922882080078e+03 5.544262409210205078e+03 6.177952766418457031e+03 8.206248283386230469e+03 1.160074615478515625e+04
1.951000000000000000e+03 1.487305259704589844e+04 1.766053581237792969e+04 1.987382125854492188e+04 2.084741592407226562e+04 1.919052696228027344e+04 1.436605644226074219e+04 8.645498275756835938e+03 4.940301418304443359e+03 3.867106676101684570e+03 4.849740028381347656e+03 7.262944221496582031e+03 1.070028972625732422e+04
1.952000000000000000e+03 1.429165935516357422e+04 1.796768188476562500e+04 2.054057502746582031e+04 2.171861076354980469e+04 2.021117019653320312e+04 1.534453010559082031e+04 9.544275283813476562e+03 5.852761745452880859e+03 4.789882659912109375e+03 5.793349742889404297e+03 7.862285137176513672e+03 1.112776947021484375e+04
1.953000000000000000e+03 1.475154876708984375e+04 1.787744331359863281e+04 2.043197441101074219e+04 2.148102760314941406e+04 1.968729019165039062e+04 1.504114151000976562e+04 9.707831382751464844e+03 6.132987499237060547e+03 5.000382900238037109e+03 5.581485271453857422e+03 7.810786247253417969e+03 1.117613029479980469e+04
1.954000000000000000e+03 1.488967227935791016e+04 1.811748504638671875e+04 2.059799575805664062e+04 2.190592956542968750e+04 2.017846870422363281e+04 1.518962192535400391e+04 9.237459182739257812e+03 5.341974258422851562e+03 4.089480876922607422e+03 5.157874584197998047e+03 7.466013431549072266e+03 1.103355121612548828e+04
1.955000000000000000e+03 1.453028297424316406e+04 1.746812438964843750e+04 1.972003364562988281e+04 2.072260856628417969e+04 1.915338706970214844e+04 1.471407508850097656e+04 8.826761245727539062e+03 4.814921379089355469e+03 3.368934869766235352e+03 4.043423652648925781e+03 6.181492805480957031e+03 9.572175025939941406e+03
1.956000000000000000e+03 1.289721488952636719e+04 1.615646934509277344e+04 1.907543563842773438e+04 2.055313491821289062e+04 1.932083702087402344e+04 1.496084213256835938e+04 9.389354705810546875e+03 5.884771823883056641e+03 4.848851680755615234e+03 5.724468708038330078e+03 7.468669414520263672e+03 1.061915683746337891e+04
1.957000000000000000e+03 1.451516723632812500e+04 1.762700080871582031e+04 1.991312789916992188e+04 2.106023406982421875e+04 1.946671676635742188e+04 1.448274517059326172e+04 8.612864494323730469e+03 5.061014652252197266e+03 4.027262210845947266e+03 4.775070667266845703e+03 7.074197769165039062e+03 1.026544570922851562e+04
1.958000000000000000e+03 1.375378131866455078e+04 1.686801147460937500e+04 1.932726478576660156e+04 2.016345214843750000e+04 1.835283851623535156e+04 1.379592704772949219e+04 8.368147850036621094e+03 5.050803184509277344e+03 4.111210823059082031e+03 4.656518936157226562e+03 6.724109172821044922e+03 9.820221900939941406e+03
1.959000000000000000e+03 1.316990566253662109e+04 1.622041893005371094e+04 1.849571990966796875e+04 1.945914077758789062e+04 1.804189300537109375e+04 1.374496078491210938e+04 8.243804931640625000e+03 4.777202129364013672e+03 3.805764913558959961e+03 4.366776943206787109e+03 6.498681068420410156e+03 9.498891830444335938e+03
