1.950000000000000000e+03 1.409938716888427734e+04 1.722890472412109375e+04 1.962283515930175781e+04 2.077813148498535156e+04 1.936510086059570312e+04 1.516105842590332031e+04 9.703853607177734375e+03 6.309325695037841797e+03 5.114881992340087891e+03 5.934264183044433594e+03 8.039776802062988281e+03 1.090780162811279297e+04
1.951000000000000000e+03 1.469766998291015625e+04 1.783456420898437500e+04 2.035729980468750000e+04 2.154590606689453125e+04 2.021794319152832031e+04 1.587343215942382812e+04 1.035598373413085938e+04 6.862802505493164062e+03 5.641923904418945312e+03 6.369374752044677734e+03 8.498511314392089844e+03 1.183971881866455078e+04
1.952000000000000000e+03 1.567984676361083984e+04 1.888335609436035156e+04 2.141754341125488281e+04 2.253380966186523438e+04 2.102333641052246094e+04 1.673578643798828125e+04 1.135531997680664062e+04 7.634779453277587891e+03 6.233353137969970703e+03 7.020437717437744141e+03 9.393511772155761719e+03 1.260531616210937500e+04
1.953000000000000000e+03 1.627760505676269531e+04 1.929553222656250000e+04 2.152224731445312500e+04 2.266387367248535156e+04 2.110668563842773438e+04 1.663867378234863281e+04 1.088413619995117188e+04 6.828712940216064453e+03 5.482604026794433594e+03 6.380271434783935547e+03 8.844863891601562500e+03 1.254215431213378906e+04
1.954000000000000000e+03 1.665186691284179688e+04 1.990177726745605469e+04 2.216064453125000000e+04 2.303252220153808594e+04 2.155967330932617188e+04 1.711694526672363281e+04 1.124798011779785156e+04 7.074833869934082031e+03 5.677925109863281250e+03 6.390675067901611328e+03 8.743826866149902344e+03 1.245723724365234375e+04
1.955000000000000000e+03 1.647040748596191406e+04 1.939031600952148438e+04 2.157998657226562500e+04 2.270494270324707031e+04 2.131217575073242188e+04 1.685109710693359375e+04 1.131447029113769531e+04 7.493189811706542969e+03 5.937136650085449219e+03 6.704983234405517578e+03 8.738812446594238281e+03 1.176163101196289062e+04
1.956000000000000000e+03 1.561276817321777344e+04 1.880062294006347656e+04 2.109858703613281250e+04 2.213371658325195312e+04 2.051021385192871094e+04 1.571061897277832031e+04 9.731062889099121094e+03 5.804863452911376953e+03 4.635618209838867188e+03 5.600454330444335938e+03 7.990529537200927734e+03 1.161459159851074219e+04
1.957000000000000000e+03 1.537106609344482422e+04 1.846462821960449219e+04 2.091287231445312500e+04 2.196479034423828125e+04 2.048182868957519531e+04 1.586829566955566406e+04 1.011171436309814453e+04 6.315772056579589844e+03 5.334436416625976562e+03 5.805645942687988281e+03 7.587912559509277344e+03 1.071376991271972656e+04
1.958000000000000000e+03 1.436868762969970703e+04 1.750749778747558594e+04 2.013821983337402344e+04 2.150958061218261719e+04 2.023115158081054688e+04 1.561272430419921875e+04 1.010601711273193359e+04 6.064571857452392578e+03 4.962989330291748047e+03 5.964546203613281250e+03 8.387101173400878906e+03 1.171802330017089844e+04
1.959000000000000000e+03 1.525518417358398438e+04 1.788210678100585938e+04 2.041680526733398438e+04 2.146450424194335938e+04 1.971291351318359375e+04 1.504159355163574219e+04 9.518294334411621094e+03 5.310749053955078125e+03 4.059317111968994141e+03 5.107574939727783203e+03 7.764619827270507812e+03 1.160914993286132812e+04
