1.950000000000000000e+03 1.564043331146240234e+04 1.880606460571289062e+04 2.107760047912597656e+04 2.211427688598632812e+04 2.043832397460937500e+04 1.574645996093750000e+04 1.001645088195800781e+04 5.843194961547851562e+03 4.523234844207763672e+03 5.270087718963623047e+03 7.888826370239257812e+03 1.149197292327880859e+04
1.951000000000000000e+03 1.496165180206298828e+04 1.781569099426269531e+04 2.021006584167480469e+04 2.145185852050781250e+04 1.962199211120605469e+04 1.493069267272949219e+04 9.360791206359863281e+03 5.808205127716064453e+03 4.561710834503173828e+03 5.177449703216552734e+03 7.262413024902343750e+03 1.045427227020263672e+04
1.952000000000000000e+03 1.425534820556640625e+04 1.716813087463378906e+04 1.959650230407714844e+04 2.082408714294433594e+04 1.927281951904296875e+04 1.473241996765136719e+04 9.347984313964843750e+03 5.700693130493164062e+03 4.713283538818359375e+03 5.331293106079101562e+03 7.573732376098632812e+03 1.076096725463867188e+04
1.953000000000000000e+03 1.427816867828369141e+04 1.751774024963378906e+04 1.984511947631835938e+04 2.106945800781250000e+04 1.947375488281250000e+04 1.457561779022216797e+04 8.574103355407714844e+03 4.816578865051269531e+03 3.684113979339599609e+03 4.574361324310302734e+03 6.436082363128662109e+03 9.812667846679687500e+03
1.954000000000000000e+03 1.352761840820312500e+04 1.688348388671875000e+04 1.941192245483398438e+04 2.089896583557128906e+04 1.963477897644042969e+04 1.521875190734863281e+04 9.759678840637207031e+03 6.106198787689208984e+03 4.950693130493164062e+03 5.635378837585449219e+03 7.732486724853515625e+03 1.117865562438964844e+04
1.955000000000000000e+03 1.533797836303710938e+04 1.853502464294433594e+04 2.087820625305175781e+04 2.193481636047363281e+04 2.029629516601562500e+04 1.576322078704833984e+04 1.028740787506103516e+04 6.672946929931640625e+03 5.712395191192626953e+03 6.518929481506347656e+03 8.703231811523437500e+03 1.170469379425048828e+04
1.956000000000000000e+03 1.488126945495605469e+04 1.794405746459960938e+04 2.039232444763183594e+04 2.139419746398925781e+04 1.990248489379882812e+04 1.514078903198242188e+04 9.661148071289062500e+03 6.196570396423339844e+03 5.180836200714111328e+03 6.006813049316406250e+03 7.580452919006347656e+03 1.075563049316406250e+04
1.957000000000000000e+03 1.458572006225585938e+04 1.772904586791992188e+04 2.007533264160156250e+04 2.116294860839843750e+04 1.982480049133300781e+04 1.584225463867187500e+04 1.035240840911865234e+04 6.718481540679931641e+03 5.568856716156005859e+03 6.428161621093750000e+03 8.857925415039062500e+03 1.194959640502929688e+04
1.958000000000000000e+03 1.531053543090820312e+04 1.862488555908203125e+04 2.113983154296875000e+04 2.216670799255371094e+04 2.064002037048339844e+04 1.591520023345947266e+04 1.038296031951904297e+04 6.401879787445068359e+03 5.199965000152587891e+03 5.869827270507812500e+03 7.880157470703125000e+03 1.148799228668212891e+04
1.959000000000000000e+03 1.541176128387451172e+04 1.887441444396972656e+04 2.115862464904785156e+04 2.220800018310546875e+04 2.076432418823242188e+04 1.594277572631835938e+04 9.485993385314941406e+03 5.164706230163574219e+03 3.898570537567138672e+03 4.534341335296630859e+03 6.778970718383789062e+03 1.074255752563476562e+04
