1.950000000000000000e+03 1.523800945281982422e+04 1.814706611633300781e+04 2.067666053771972656e+04 2.163957023620605469e+04 2.011933326721191406e+04 1.542869472503662109e+04 9.594167709350585938e+03 5.589620113372802734e+03 4.406618595123291016e+03 5.291522979736328125e+03 7.757423877716064453e+03 1.148420810699462891e+04
1.951000000000000000e+03 1.516252136230468750e+04 1.824153137207031250e+04 2.038053321838378906e+04 2.136798858642578125e+04 1.982456970214843750e+04 1.542508506774902344e+04 9.886379241943359375e+03 6.458903312683105469e+03 5.686364173889160156e+03 6.368039608001708984e+03 8.426692008972167969e+03 1.183158588409423828e+04
1.952000000000000000e+03 1.545890045166015625e+04 1.897396278381347656e+04 2.156447982788085938e+04 2.275921058654785156e+04 2.141699790954589844e+04 1.692725181579589844e+04 1.087508487701416016e+04 6.990492820739746094e+03 6.119490623474121094e+03 7.241811275482177734e+03 9.466573715209960938e+03 1.248308849334716797e+04
1.953000000000000000e+03 1.591273880004882812e+04 1.884019660949707031e+04 2.108408737182617188e+04 2.189481925964355469e+04 2.044469833374023438e+04 1.573369407653808594e+04 1.010418319702148438e+04 6.622382164001464844e+03 5.457095623016357422e+03 6.186812400817871094e+03 8.489162445068359375e+03 1.158057498931884766e+04
1.954000000000000000e+03 1.527727031707763672e+04 1.840150642395019531e+04 2.079364967346191406e+04 2.211422920227050781e+04 2.082562637329101562e+04 1.607403755187988281e+04 1.024962997436523438e+04 6.285295963287353516e+03 4.988426208496093750e+03 5.857883453369140625e+03 8.214848518371582031e+03 1.186468315124511719e+04
1.955000000000000000e+03 1.540535640716552734e+04 1.860707092285156250e+04 2.131658172607421875e+04 2.227011871337890625e+04 2.067663955688476562e+04 1.609598541259765625e+04 1.037453365325927734e+04 6.717688083648681641e+03 5.638828277587890625e+03 6.395452499389648438e+03 8.737077713012695312e+03 1.222233867645263672e+04
1.956000000000000000e+03 1.590316581726074219e+04 1.927374076843261719e+04 2.195016670227050781e+04 2.284841728210449219e+04 2.118233299255371094e+04 1.641582107543945312e+04 1.045641422271728516e+04 6.476796150207519531e+03 5.400790691375732422e+03 6.224295139312744141e+03 8.528261184692382812e+03 1.209102535247802734e+04
1.957000000000000000e+03 1.573918628692626953e+04 1.858180427551269531e+04 2.074091339111328125e+04 2.193321800231933594e+04 2.050397872924804688e+04 1.599696636199951172e+04 1.032918262481689453e+04 6.268692493438720703e+03 5.246107578277587891e+03 6.349960803985595703e+03 8.590384483337402344e+03 1.204930305480957031e+04
1.958000000000000000e+03 1.582124614715576172e+04 1.886342811584472656e+04 2.112412452697753906e+04 2.228420829772949219e+04 2.088742828369140625e+04 1.629758071899414062e+04 1.007893180847167969e+04 5.866650104522705078e+03 4.566944122314453125e+03 5.289818763732910156e+03 7.543282985687255859e+03 1.109094047546386719e+04
1.959000000000000000e+03 1.475034236907958984e+04 1.788813591003417969e+04 2.048847198486328125e+04 2.169697570800781250e+04 2.034779548645019531e+04 1.579947853088378906e+04 1.033253383636474609e+04 6.537747859954833984e+03 5.234078884124755859e+03 6.161715507507324219e+03 8.589612960815429688e+03 1.219018459320068359e+04
