1.950000000000000000e+03 1.418730735778808594e+04 1.730139732360839844e+04 1.944588851928710938e+04 2.017257499694824219e+04 1.813917922973632812e+04 1.327981758117675781e+04 7.909462451934814453e+03 4.729539394378662109e+03 3.808806419372558594e+03 4.574522972106933594e+03 6.658791065216064453e+03 9.994275093078613281e+03
1.951000000000000000e+03 1.368507003784179688e+04 1.669201278686523438e+04 1.907047653198242188e+04 2.036241340637207031e+04 1.922304534912109375e+04 1.497266101837158203e+04 9.509273529052734375e+03 5.861235141754150391e+03 4.791641712188720703e+03 5.647146224975585938e+03 7.822789669036865234e+03 1.078950405120849609e+04
1.952000000000000000e+03 1.403486919403076172e+04 1.708060264587402344e+04 1.946731948852539062e+04 2.065934562683105469e+04 1.917712783813476562e+04 1.511353111267089844e+04 1.019883155822753906e+04 6.647346973419189453e+03 5.654757022857666016e+03 6.559433460235595703e+03 8.933614730834960938e+03 1.237089443206787109e+04
1.953000000000000000e+03 1.591432762145996094e+04 1.864580535888671875e+04 2.077214241027832031e+04 2.194284248352050781e+04 2.038000488281250000e+04 1.562985610961914062e+04 9.815328598022460938e+03 6.120978832244873047e+03 4.835472106933593750e+03 5.638785362243652344e+03 8.605050086975097656e+03 1.228276348114013672e+04
1.954000000000000000e+03 1.594669628143310547e+04 1.923892021179199219e+04 2.178567123413085938e+04 2.287248420715332031e+04 2.131285095214843750e+04 1.669697570800781250e+04 1.103809833526611328e+04 7.083946704864501953e+03 5.831861495971679688e+03 6.695772647857666016e+03 9.103854179382324219e+03 1.242625331878662109e+04
1.955000000000000000e+03 1.619617271423339844e+04 1.896375274658203125e+04 2.122646141052246094e+04 2.220713043212890625e+04 2.065558242797851562e+04 1.602963256835937500e+04 9.831241607666015625e+03 5.894709587097167969e+03 4.809316158294677734e+03 5.638728141784667969e+03 7.992668151855468750e+03 1.137656116485595703e+04
1.956000000000000000e+03 1.497185230255126953e+04 1.828177070617675781e+04 2.081825637817382812e+04 2.172139358520507812e+04 2.017645263671875000e+04 1.609027290344238281e+04 1.109699821472167969e+04 7.735653400421142578e+03 6.622176170349121094e+03 7.409193992614746094e+03 9.324352264404296875e+03 1.243508529663085938e+04
1.957000000000000000e+03 1.601850700378417969e+04 1.910560989379882812e+04 2.158583259582519531e+04 2.265110206604003906e+04 2.113825225830078125e+04 1.679316139221191406e+04 1.116012096405029297e+04 7.376347064971923828e+03 5.874092102050781250e+03 6.630507469177246094e+03 9.068800926208496094e+03 1.230317783355712891e+04
1.958000000000000000e+03 1.588596248626708984e+04 1.912180519104003906e+04 2.175282287597656250e+04 2.293933677673339844e+04 2.168605422973632812e+04 1.725383186340332031e+04 1.174523639678955078e+04 7.946362018585205078e+03 6.744681358337402344e+03 7.570611476898193359e+03 9.839043617248535156e+03 1.319395446777343750e+04
1.959000000000000000e+03 1.658019256591796875e+04 1.945283699035644531e+04 2.147346878051757812e+04 2.231159210205078125e+04 2.079297065734863281e+04 1.657049560546875000e+04 1.115776729583740234e+04 7.963036060333251953e+03 7.021017551422119141e+03 7.795246124267578125e+03 9.877334594726562500e+03 1.280232715606689453e+04
