1.950000000000000000e+03 1.539795303344726562e+04 1.864425849914550781e+04 2.108230018615722656e+04 2.194670486450195312e+04 2.028966903686523438e+04 1.537828922271728516e+04 9.862452507019042969e+03 6.029792785644531250e+03 4.814575672149658203e+03 5.553082466125488281e+03 7.688204288482666016e+03 1.104860496520996094e+04
1.951000000000000000e+03 1.477381706237792969e+04 1.795456504821777344e+04 2.047749137878417969e+04 2.142130851745605469e+04 2.004694747924804688e+04 1.562265586853027344e+04 9.868464469909667969e+03 5.903557777404785156e+03 4.633714199066162109e+03 5.295132160186767578e+03 7.300652980804443359e+03 1.035200595855712891e+04
1.952000000000000000e+03 1.403361511230468750e+04 1.739811897277832031e+04 2.001877975463867188e+04 2.095542144775390625e+04 1.922162055969238281e+04 1.445993804931640625e+04 8.742480278015136719e+03 5.334379673004150391e+03 4.305340290069580078e+03 5.109020233154296875e+03 7.426522254943847656e+03 1.073165988922119141e+04
1.953000000000000000e+03 1.466947364807128906e+04 1.778733825683593750e+04 2.036974525451660156e+04 2.153546333312988281e+04 1.985974884033203125e+04 1.522794723510742188e+04 9.486658096313476562e+03 5.769701004028320312e+03 4.712692260742187500e+03 5.946736335754394531e+03 8.739810943603515625e+03 1.281129264831542969e+04
1.954000000000000000e+03 1.677864646911621094e+04 2.006721496582031250e+04 2.262971115112304688e+04 2.369363212585449219e+04 2.234470558166503906e+04 1.765675163269042969e+04 1.170575618743896484e+04 7.632853507995605469e+03 6.384624481201171875e+03 7.343431472778320312e+03 9.690015792846679688e+03 1.270802116394042969e+04
1.955000000000000000e+03 1.638307189941406250e+04 1.956076812744140625e+04 2.183741378784179688e+04 2.281053352355957031e+04 2.136882781982421875e+04 1.662162208557128906e+04 1.061956501007080078e+04 6.552198410034179688e+03 5.389241218566894531e+03 6.123102664947509766e+03 8.327864646911621094e+03 1.191538238525390625e+04
1.956000000000000000e+03 1.566424274444580078e+04 1.897749519348144531e+04 2.153003120422363281e+04 2.249894523620605469e+04 2.085792541503906250e+04 1.588584423065185547e+04 9.811610221862792969e+03 5.772160530090332031e+03 4.616878509521484375e+03 5.484321594238281250e+03 8.256097793579101562e+03 1.176725769042968750e+04
1.957000000000000000e+03 1.561784839630126953e+04 1.862930297851562500e+04 2.114477539062500000e+04 2.226936340332031250e+04 2.103778648376464844e+04 1.655287170410156250e+04 1.100503444671630859e+04 7.419410705566406250e+03 6.314888477325439453e+03 7.433534145355224609e+03 9.628996849060058594e+03 1.304204368591308594e+04
1.958000000000000000e+03 1.662077140808105469e+04 1.960507392883300781e+04 2.204286956787109375e+04 2.309506225585937500e+04 2.120015525817871094e+04 1.599256992340087891e+04 9.817145347595214844e+03 5.747821807861328125e+03 4.469893932342529297e+03 5.598541736602783203e+03 8.090151786804199219e+03 1.132120227813720703e+04
1.959000000000000000e+03 1.510869789123535156e+04 1.836395072937011719e+04 2.057957649230957031e+04 2.169339179992675781e+04 2.031664085388183594e+04 1.591223907470703125e+04 1.018946170806884766e+04 6.268201351165771484e+03 4.973795890808105469e+03 5.634303569793701172e+03 7.952343940734863281e+03 1.122969436645507812e+04
