1.950000000000000000e+03 1.484347534179687500e+04 1.776836585998535156e+04 2.043587875366210938e+04 2.144976043701171875e+04 2.018733024597167969e+04 1.546564388275146484e+04 9.210690498352050781e+03 5.400001525878906250e+03 4.295499801635742188e+03 4.946765899658203125e+03 7.677022933959960938e+03 1.102923965454101562e+04
1.951000000000000000e+03 1.448507118225097656e+04 1.762882423400878906e+04 1.982566642761230469e+04 2.059735298156738281e+04 1.892007064819335938e+04 1.470911026000976562e+04 9.202850341796875000e+03 5.787610530853271484e+03 4.749283790588378906e+03 5.320135593414306641e+03 7.605924606323242188e+03 1.103519153594970703e+04
1.952000000000000000e+03 1.458615684509277344e+04 1.740365982055664062e+04 1.977514839172363281e+04 2.096464157104492188e+04 1.936464500427246094e+04 1.463593196868896484e+04 9.357950210571289062e+03 6.047159194946289062e+03 5.167475223541259766e+03 6.076570987701416016e+03 8.122415542602539062e+03 1.093732070922851562e+04
1.953000000000000000e+03 1.442807197570800781e+04 1.747638511657714844e+04 1.968319320678710938e+04 2.083343887329101562e+04 1.935032844543457031e+04 1.470489311218261719e+04 9.334810256958007812e+03 5.948055267333984375e+03 5.041832447052001953e+03 5.875373840332031250e+03 7.728847980499267578e+03 1.120770072937011719e+04
1.954000000000000000e+03 1.486922454833984375e+04 1.827318382263183594e+04 2.081513214111328125e+04 2.201005363464355469e+04 2.062215423583984375e+04 1.601158142089843750e+04 1.008047866821289062e+04 6.290368556976318359e+03 5.138102531433105469e+03 5.901533126831054688e+03 8.117774963378906250e+03 1.145816898345947266e+04
1.955000000000000000e+03 1.512742519378662109e+04 1.806449699401855469e+04 2.062837982177734375e+04 2.184131431579589844e+04 2.047100067138671875e+04 1.608420944213867188e+04 1.043316268920898438e+04 6.680397033691406250e+03 5.225594043731689453e+03 6.162477016448974609e+03 8.512746810913085938e+03 1.169010353088378906e+04
1.956000000000000000e+03 1.544580364227294922e+04 1.863415145874023438e+04 2.096083641052246094e+04 2.183156967163085938e+04 2.033421325683593750e+04 1.565733528137207031e+04 9.747080802917480469e+03 5.918768882751464844e+03 4.665165901184082031e+03 5.490876197814941406e+03 8.075415611267089844e+03 1.228758811950683594e+04
1.957000000000000000e+03 1.626783943176269531e+04 1.966284751892089844e+04 2.221721458435058594e+04 2.340415763854980469e+04 2.217399215698242188e+04 1.739300155639648438e+04 1.134215927124023438e+04 6.909260749816894531e+03 5.203774452209472656e+03 6.198291778564453125e+03 8.643316268920898438e+03 1.216302776336669922e+04
1.958000000000000000e+03 1.604187011718750000e+04 1.952158927917480469e+04 2.197294998168945312e+04 2.321476554870605469e+04 2.170465469360351562e+04 1.700767517089843750e+04 1.148860168457031250e+04 7.698880195617675781e+03 6.545587539672851562e+03 7.497917175292968750e+03 9.765262603759765625e+03 1.281464862823486328e+04
1.959000000000000000e+03 1.603211784362792969e+04 1.882557106018066406e+04 2.114029502868652344e+04 2.217094230651855469e+04 2.060613059997558594e+04 1.598244762420654297e+04 1.046332645416259766e+04 6.881435871124267578e+03 5.717786788940429688e+03 6.455465316772460938e+03 8.900113105773925781e+03 1.262505340576171875e+04
