1.950000000000000000e+03 1.356651878356933594e+04 1.645736503601074219e+04 1.851223564147949219e+04 1.929406547546386719e+04 1.755092811584472656e+04 1.344461345672607422e+04 8.567668914794921875e+03 5.220459461212158203e+03 4.305597305297851562e+03 5.447181701660156250e+03 7.585419654846191406e+03 1.126033687591552734e+04
1.951000000000000000e+03 1.505441474914550781e+04 1.816806221008300781e+04 2.085386276245117188e+04 2.192332077026367188e+04 2.041345214843750000e+04 1.566578197479248047e+04 9.798567771911621094e+03 5.784521579742431641e+03 4.498927593231201172e+03 5.153939247131347656e+03 7.533362865447998047e+03 1.066518688201904297e+04
1.952000000000000000e+03 1.429326820373535156e+04 1.745540618896484375e+04 1.998553085327148438e+04 2.109301376342773438e+04 1.949995803833007812e+04 1.478739833831787109e+04 9.048718452453613281e+03 5.007395267486572266e+03 3.916301250457763672e+03 4.565979957580566406e+03 6.701525211334228516e+03 1.041235923767089844e+04
1.953000000000000000e+03 1.439211750030517578e+04 1.782086181640625000e+04 2.027420043945312500e+04 2.132773208618164062e+04 1.997986030578613281e+04 1.559798908233642578e+04 1.010906887054443359e+04 6.461098670959472656e+03 5.452727317810058594e+03 6.484675407409667969e+03 8.642003059387207031e+03 1.175956726074218750e+04
1.954000000000000000e+03 1.522634983062744141e+04 1.847914505004882812e+04 2.065585899353027344e+04 2.152212715148925781e+04 1.965930366516113281e+04 1.486046314239501953e+04 9.368005752563476562e+03 5.876990795135498047e+03 4.811672210693359375e+03 5.686009883880615234e+03 7.964031696319580078e+03 1.142118263244628906e+04
1.955000000000000000e+03 1.505214691162109375e+04 1.783960342407226562e+04 2.013174629211425781e+04 2.131193733215332031e+04 1.996986770629882812e+04 1.567344474792480469e+04 1.002203750610351562e+04 6.086086750030517578e+03 4.996374607086181641e+03 5.913082122802734375e+03 8.209155082702636719e+03 1.167019653320312500e+04
1.956000000000000000e+03 1.551407337188720703e+04 1.900445747375488281e+04 2.123404502868652344e+04 2.204648780822753906e+04 2.074370002746582031e+04 1.659248352050781250e+04 1.108246898651123047e+04 7.062992572784423828e+03 5.595435142517089844e+03 6.362425804138183594e+03 8.328272819519042969e+03 1.174334907531738281e+04
1.957000000000000000e+03 1.589704799652099609e+04 1.944668769836425781e+04 2.219647216796875000e+04 2.356786155700683594e+04 2.253912353515625000e+04 1.842358398437500000e+04 1.296015071868896484e+04 8.912884712219238281e+03 7.642602920532226562e+03 8.281816482543945312e+03 1.017868709564208984e+04 1.330194568634033203e+04
1.958000000000000000e+03 1.676975250244140625e+04 1.975259590148925781e+04 2.209516906738281250e+04 2.334040260314941406e+04 2.196450233459472656e+04 1.746854400634765625e+04 1.180128955841064453e+04 8.402853012084960938e+03 7.187453269958496094e+03 8.069211959838867188e+03 1.053171348571777344e+04 1.353793525695800781e+04
1.959000000000000000e+03 1.690492248535156250e+04 1.994257545471191406e+04 2.231280708312988281e+04 2.317618751525878906e+04 2.151457595825195312e+04 1.721965789794921875e+04 1.167603302001953125e+04 8.103623390197753906e+03 6.847696781158447266e+03 7.444705486297607422e+03 9.465986251831054688e+03 1.239371967315673828e+04
