1.950000000000000000e+03 1.634203910827636719e+04 1.967199897766113281e+04 2.200496482849121094e+04 2.296947860717773438e+04 2.105684471130371094e+04 1.628673744201660156e+04 1.023085021972656250e+04 6.223854541778564453e+03 4.831890106201171875e+03 5.522258758544921875e+03 7.711630344390869141e+03 1.107478046417236328e+04
1.951000000000000000e+03 1.456597995758056641e+04 1.776226615905761719e+04 1.989943504333496094e+04 2.070531654357910156e+04 1.906116485595703125e+04 1.456205844879150391e+04 9.075986862182617188e+03 5.763232707977294922e+03 4.632257461547851562e+03 5.226362705230712891e+03 7.240540981292724609e+03 1.084011650085449219e+04
1.952000000000000000e+03 1.487673664093017578e+04 1.792736434936523438e+04 2.021214294433593750e+04 2.135441589355468750e+04 1.992356491088867188e+04 1.551731395721435547e+04 9.598632812500000000e+03 5.654064655303955078e+03 4.455328464508056641e+03 5.313040733337402344e+03 8.065293312072753906e+03 1.114067173004150391e+04
1.953000000000000000e+03 1.424542808532714844e+04 1.714115524291992188e+04 1.934925079345703125e+04 2.015546035766601562e+04 1.823017311096191406e+04 1.327111625671386719e+04 7.323565959930419922e+03 3.674044609069824219e+03 2.693246126174926758e+03 3.367748498916625977e+03 5.651895999908447266e+03 9.175813674926757812e+03
1.954000000000000000e+03 1.259813594818115234e+04 1.593746948242187500e+04 1.834984207153320312e+04 1.951265525817871094e+04 1.801933479309082031e+04 1.307620048522949219e+04 7.542022705078125000e+03 4.018380165100097656e+03 3.029442310333251953e+03 3.576745271682739258e+03 5.727346420288085938e+03 8.911650657653808594e+03
1.955000000000000000e+03 1.272120475769042969e+04 1.603641128540039062e+04 1.836784934997558594e+04 1.963111495971679688e+04 1.809833526611328125e+04 1.385351276397705078e+04 8.484182357788085938e+03 5.349089145660400391e+03 4.505059242248535156e+03 5.130959987640380859e+03 6.943286895751953125e+03 1.010143947601318359e+04
1.956000000000000000e+03 1.351918125152587891e+04 1.677564430236816406e+04 1.902161407470703125e+04 1.994777297973632812e+04 1.833947372436523438e+04 1.384061813354492188e+04 8.921744346618652344e+03 5.749907493591308594e+03 4.724950313568115234e+03 5.814862728118896484e+03 8.209626197814941406e+03 1.139846038818359375e+04
1.957000000000000000e+03 1.485807895660400391e+04 1.761900520324707031e+04 2.005705261230468750e+04 2.104010963439941406e+04 1.915730094909667969e+04 1.443949890136718750e+04 9.120531082153320312e+03 5.317862510681152344e+03 4.138921737670898438e+03 5.009142398834228516e+03 6.953841686248779297e+03 1.010752868652343750e+04
1.958000000000000000e+03 1.421954727172851562e+04 1.730466079711914062e+04 1.966878890991210938e+04 2.077061843872070312e+04 1.933666038513183594e+04 1.485342979431152344e+04 9.510443687438964844e+03 5.641677379608154297e+03 4.360872745513916016e+03 5.317127704620361328e+03 7.763299942016601562e+03 1.142242050170898438e+04
1.959000000000000000e+03 1.510843467712402344e+04 1.843463134765625000e+04 2.097222137451171875e+04 2.215530014038085938e+04 2.071804046630859375e+04 1.600998497009277344e+04 1.030078601837158203e+04 6.592041492462158203e+03 5.218495845794677734e+03 5.855451107025146484e+03 8.052631378173828125e+03 1.101004981994628906e+04
