1.950000000000000000e+03 1.628658103942871094e+04 1.952031898498535156e+04 2.188158607482910156e+04 2.295711898803710938e+04 2.147851943969726562e+04 1.674645805358886719e+04 1.076723289489746094e+04 6.761154174804687500e+03 5.444145679473876953e+03 6.271994113922119141e+03 8.927122116088867188e+03 1.247444248199462891e+04
1.951000000000000000e+03 1.625416183471679688e+04 1.931139945983886719e+04 2.177206039428710938e+04 2.281462478637695312e+04 2.136700248718261719e+04 1.684433937072753906e+04 1.109071636199951172e+04 7.400077342987060547e+03 5.986464500427246094e+03 6.793972492218017578e+03 8.980546951293945312e+03 1.217317390441894531e+04
1.952000000000000000e+03 1.604712295532226562e+04 1.950426483154296875e+04 2.220668792724609375e+04 2.337084388732910156e+04 2.173202896118164062e+04 1.713034057617187500e+04 1.103481578826904297e+04 6.921309471130371094e+03 5.820496559143066406e+03 6.731040477752685547e+03 9.384710311889648438e+03 1.295019245147705078e+04
1.953000000000000000e+03 1.643448638916015625e+04 1.908971786499023438e+04 2.163887786865234375e+04 2.272620391845703125e+04 2.089653015136718750e+04 1.624426269531250000e+04 1.034630107879638672e+04 6.638984680175781250e+03 5.580924034118652344e+03 6.490268707275390625e+03 8.680021286010742188e+03 1.207564640045166016e+04
1.954000000000000000e+03 1.602959442138671875e+04 1.912891769409179688e+04 2.135328292846679688e+04 2.235357856750488281e+04 2.096440315246582031e+04 1.617036247253417969e+04 1.004401683807373047e+04 6.083533763885498047e+03 4.832157135009765625e+03 5.449708938598632812e+03 7.385680675506591797e+03 1.050830745697021484e+04
1.955000000000000000e+03 1.402468204498291016e+04 1.696404075622558594e+04 1.900397682189941406e+04 2.004960441589355469e+04 1.868146705627441406e+04 1.423480224609375000e+04 8.544797897338867188e+03 5.096084117889404297e+03 4.269296646118164062e+03 5.058791637420654297e+03 7.284599304199218750e+03 1.062061691284179688e+04
1.956000000000000000e+03 1.432626724243164062e+04 1.736096763610839844e+04 1.975942611694335938e+04 2.084346389770507812e+04 1.943268203735351562e+04 1.491313457489013672e+04 9.613695144653320312e+03 6.245678424835205078e+03 5.221623897552490234e+03 5.885064125061035156e+03 7.856181144714355469e+03 1.113147163391113281e+04
1.957000000000000000e+03 1.497396659851074219e+04 1.822203445434570312e+04 2.067994880676269531e+04 2.172467994689941406e+04 2.027435302734375000e+04 1.581851577758789062e+04 1.072955226898193359e+04 7.159055709838867188e+03 5.899138450622558594e+03 6.692933082580566406e+03 8.953632354736328125e+03 1.220996379852294922e+04
1.958000000000000000e+03 1.576742172241210938e+04 1.865730476379394531e+04 2.090068626403808594e+04 2.215876960754394531e+04 2.070120239257812500e+04 1.646691703796386719e+04 1.098417854309082031e+04 7.361908435821533203e+03 6.158960819244384766e+03 6.818541049957275391e+03 9.226239204406738281e+03 1.256007289886474609e+04
1.959000000000000000e+03 1.609855842590332031e+04 1.921186447143554688e+04 2.137216567993164062e+04 2.215856933593750000e+04 2.045897102355957031e+04 1.563615417480468750e+04 9.641597747802734375e+03 5.823799610137939453e+03 4.709557533264160156e+03 5.445853233337402344e+03 7.740660190582275391e+03 1.127149200439453125e+04
