1.950000000000000000e+03 1.423100566864013672e+04 1.771918869018554688e+04 2.019140815734863281e+04 2.125728607177734375e+04 1.979530143737792969e+04 1.552606201171875000e+04 1.001125431060791016e+04 6.119253635406494141e+03 4.916221618652343750e+03 5.677180767059326172e+03 7.870958328247070312e+03 1.041194057464599609e+04
1.951000000000000000e+03 1.389261054992675781e+04 1.709441566467285156e+04 1.960210037231445312e+04 2.072196960449218750e+04 1.900045585632324219e+04 1.409888172149658203e+04 8.650116920471191406e+03 4.976090908050537109e+03 3.870082616806030273e+03 4.503886699676513672e+03 7.066891193389892578e+03 1.109123420715332031e+04
1.952000000000000000e+03 1.529616737365722656e+04 1.856912612915039062e+04 2.121691513061523438e+04 2.260441398620605469e+04 2.146968269348144531e+04 1.719516563415527344e+04 1.193584156036376953e+04 8.274034500122070312e+03 7.077461719512939453e+03 7.841234683990478516e+03 9.899823188781738281e+03 1.306309700012207031e+04
1.953000000000000000e+03 1.645763397216796875e+04 1.943014335632324219e+04 2.182989883422851562e+04 2.281374168395996094e+04 2.124887275695800781e+04 1.678516769409179688e+04 1.109983539581298828e+04 7.404559612274169922e+03 6.364235401153564453e+03 6.894677639007568359e+03 8.743381500244140625e+03 1.138655471801757812e+04
1.954000000000000000e+03 1.497597885131835938e+04 1.787501144409179688e+04 2.011303710937500000e+04 2.089661979675292969e+04 1.927513694763183594e+04 1.452492809295654297e+04 8.595939636230468750e+03 4.707795619964599609e+03 3.353771209716796875e+03 4.264222621917724609e+03 6.659564018249511719e+03 9.793196678161621094e+03
1.955000000000000000e+03 1.363163948059082031e+04 1.718370628356933594e+04 1.968551635742187500e+04 2.082833480834960938e+04 1.943739700317382812e+04 1.481912612915039062e+04 9.229585647583007812e+03 5.718105316162109375e+03 4.579791069030761719e+03 5.495525836944580078e+03 7.661983489990234375e+03 1.111247253417968750e+04
1.956000000000000000e+03 1.467751884460449219e+04 1.792193984985351562e+04 2.024171257019042969e+04 2.150780868530273438e+04 1.993808555603027344e+04 1.531844806671142578e+04 9.706799507141113281e+03 6.087387084960937500e+03 4.970015048980712891e+03 5.791826248168945312e+03 8.150456428527832031e+03 1.156999778747558594e+04
1.957000000000000000e+03 1.519963741302490234e+04 1.805980873107910156e+04 2.033900070190429688e+04 2.134872055053710938e+04 1.971885871887207031e+04 1.490873813629150391e+04 8.965795516967773438e+03 5.374870777130126953e+03 4.266360282897949219e+03 4.957087516784667969e+03 7.389845371246337891e+03 1.113033866882324219e+04
1.958000000000000000e+03 1.478510379791259766e+04 1.769424247741699219e+04 2.018531417846679688e+04 2.136354637145996094e+04 2.005851936340332031e+04 1.527475643157958984e+04 9.433495521545410156e+03 5.646232604980468750e+03 4.500577926635742188e+03 5.353323936462402344e+03 7.704718589782714844e+03 1.097011089324951172e+04
1.959000000000000000e+03 1.445626354217529297e+04 1.761815261840820312e+04 2.012841033935546875e+04 2.132618141174316406e+04 1.999931907653808594e+04 1.540713500976562500e+04 9.409371376037597656e+03 5.612544536590576172e+03 4.221479892730712891e+03 5.014145851135253906e+03 7.411622047424316406e+03 1.050646018981933594e+04
