1.950000000000000000e+03 1.529422187805175781e+04 1.831825447082519531e+04 2.081906700134277344e+04 2.181541252136230469e+04 2.011551284790039062e+04 1.551919937133789062e+04 9.904242515563964844e+03 6.352185726165771484e+03 5.432310581207275391e+03 6.292741775512695312e+03 8.351441383361816406e+03 1.109939384460449219e+04
1.951000000000000000e+03 1.456651401519775391e+04 1.781354331970214844e+04 2.021801185607910156e+04 2.159885787963867188e+04 2.020559692382812500e+04 1.587378597259521484e+04 1.030818271636962891e+04 6.466874599456787109e+03 5.137088298797607422e+03 5.645622253417968750e+03 8.063593864440917969e+03 1.163070011138916016e+04
1.952000000000000000e+03 1.548396301269531250e+04 1.842905044555664062e+04 2.073000907897949219e+04 2.186839103698730469e+04 2.042762565612792969e+04 1.598859119415283203e+04 1.055701541900634766e+04 6.547266960144042969e+03 5.362309455871582031e+03 6.251581668853759766e+03 8.252753257751464844e+03 1.122774887084960938e+04
1.953000000000000000e+03 1.499812316894531250e+04 1.851116752624511719e+04 2.114554595947265625e+04 2.223717880249023438e+04 2.067164039611816406e+04 1.590898990631103516e+04 1.028919506072998047e+04 6.348529815673828125e+03 5.122332096099853516e+03 6.022144794464111328e+03 8.178378105163574219e+03 1.117024612426757812e+04
1.954000000000000000e+03 1.474897766113281250e+04 1.774303436279296875e+04 2.002591705322265625e+04 2.104740142822265625e+04 1.949226379394531250e+04 1.501987838745117188e+04 9.999859809875488281e+03 6.757605075836181641e+03 5.619412899017333984e+03 6.264998912811279297e+03 8.213066101074218750e+03 1.105563259124755859e+04
1.955000000000000000e+03 1.452941894531250000e+04 1.764016723632812500e+04 1.993727684020996094e+04 2.106118965148925781e+04 1.964838218688964844e+04 1.487489414215087891e+04 9.168807983398437500e+03 5.620501041412353516e+03 4.603686809539794922e+03 5.434321403503417969e+03 7.962672233581542969e+03 1.134540557861328125e+04
1.956000000000000000e+03 1.521289730072021484e+04 1.850775527954101562e+04 2.086788749694824219e+04 2.187810516357421875e+04 2.042725181579589844e+04 1.565709972381591797e+04 9.905294418334960938e+03 5.752088069915771484e+03 4.276580333709716797e+03 4.886579036712646484e+03 7.333359718322753906e+03 1.096257209777832031e+04
1.957000000000000000e+03 1.489575576782226562e+04 1.809026527404785156e+04 2.036670875549316406e+04 2.140500640869140625e+04 1.983983421325683594e+04 1.548027038574218750e+04 1.010324954986572266e+04 6.175743579864501953e+03 4.820146083831787109e+03 5.497997283935546875e+03 7.795931339263916016e+03 1.118777656555175781e+04
1.958000000000000000e+03 1.470428466796875000e+04 1.759807014465332031e+04 2.001509666442871094e+04 2.127552223205566406e+04 2.022919845581054688e+04 1.575166511535644531e+04 9.858441352844238281e+03 5.719478607177734375e+03 4.200146198272705078e+03 5.217719554901123047e+03 7.643680572509765625e+03 1.111633396148681641e+04
1.959000000000000000e+03 1.507168865203857422e+04 1.809964752197265625e+04 2.043177032470703125e+04 2.162137603759765625e+04 2.013336753845214844e+04 1.569694709777832031e+04 1.010120582580566406e+04 6.187923431396484375e+03 4.975478649139404297e+03 5.987452983856201172e+03 8.361702919006347656e+03 1.152058219909667969e+04
