1.950000000000000000e+03 1.547451019287109375e+04 1.858777236938476562e+04 2.084840202331542969e+04 2.208339118957519531e+04 2.077053260803222656e+04 1.615282440185546875e+04 1.063633632659912109e+04 6.813769340515136719e+03 5.529407024383544922e+03 6.402037620544433594e+03 8.730250358581542969e+03 1.246517181396484375e+04
1.951000000000000000e+03 1.604275512695312500e+04 1.898362541198730469e+04 2.120253944396972656e+04 2.215083312988281250e+04 2.070416450500488281e+04 1.639852142333984375e+04 1.071343135833740234e+04 6.791693687438964844e+03 5.664482116699218750e+03 6.418380260467529297e+03 8.711307525634765625e+03 1.242991352081298828e+04
1.952000000000000000e+03 1.609317970275878906e+04 1.916357421875000000e+04 2.154128837585449219e+04 2.222546768188476562e+04 2.085468482971191406e+04 1.663171386718750000e+04 1.165046310424804688e+04 7.945628643035888672e+03 6.547888755798339844e+03 7.437822341918945312e+03 9.374239921569824219e+03 1.240834999084472656e+04
1.953000000000000000e+03 1.593953132629394531e+04 1.897521209716796875e+04 2.144739151000976562e+04 2.239001083374023438e+04 2.085379409790039062e+04 1.650363540649414062e+04 1.104269123077392578e+04 7.240772247314453125e+03 6.092166900634765625e+03 7.006106376647949219e+03 9.249762535095214844e+03 1.279698181152343750e+04
1.954000000000000000e+03 1.651600646972656250e+04 1.968415260314941406e+04 2.208150482177734375e+04 2.312744331359863281e+04 2.153189659118652344e+04 1.689014816284179688e+04 1.092788600921630859e+04 7.058624267578125000e+03 5.899367332458496094e+03 6.880124092102050781e+03 9.261332511901855469e+03 1.290324115753173828e+04
1.955000000000000000e+03 1.639237594604492188e+04 1.937545204162597656e+04 2.135774803161621094e+04 2.234652137756347656e+04 2.089210319519042969e+04 1.625574493408203125e+04 1.056608009338378906e+04 6.898829460144042969e+03 5.571939945220947266e+03 6.230897903442382812e+03 8.352383613586425781e+03 1.132870578765869141e+04
1.956000000000000000e+03 1.429922389984130859e+04 1.713423728942871094e+04 1.949499893188476562e+04 2.046288681030273438e+04 1.871448898315429688e+04 1.386653518676757812e+04 8.676840782165527344e+03 5.326813697814941406e+03 4.124796390533447266e+03 5.097478866577148438e+03 7.392399311065673828e+03 1.082261466979980469e+04
1.957000000000000000e+03 1.480953121185302734e+04 1.802058219909667969e+04 2.060982513427734375e+04 2.190535926818847656e+04 2.025380325317382812e+04 1.574603080749511719e+04 1.035558223724365234e+04 6.703213214874267578e+03 5.597510814666748047e+03 6.357617855072021484e+03 8.509051322937011719e+03 1.201822376251220703e+04
1.958000000000000000e+03 1.557221031188964844e+04 1.879885482788085938e+04 2.113679313659667969e+04 2.199721145629882812e+04 2.072556686401367188e+04 1.643758964538574219e+04 1.070569133758544922e+04 6.786533355712890625e+03 5.802220821380615234e+03 6.694123744964599609e+03 9.186746597290039062e+03 1.282759189605712891e+04
1.959000000000000000e+03 1.673492813110351562e+04 2.006005668640136719e+04 2.268249130249023438e+04 2.393889617919921875e+04 2.249979972839355469e+04 1.772564697265625000e+04 1.154664611816406250e+04 7.649311542510986328e+03 6.365726947784423828e+03 7.118653297424316406e+03 9.226703643798828125e+03 1.256645393371582031e+04
