1.950000000000000000e+03 1.513339519500732422e+04 1.819099426269531250e+04 2.070422363281250000e+04 2.174246978759765625e+04 2.001106452941894531e+04 1.520000839233398438e+04 9.798235893249511719e+03 6.443364620208740234e+03 5.567320823669433594e+03 6.450884819030761719e+03 8.935417175292968750e+03 1.210271167755126953e+04
1.951000000000000000e+03 1.545695686340332031e+04 1.853475379943847656e+04 2.098229026794433594e+04 2.194018554687500000e+04 2.021875953674316406e+04 1.561536788940429688e+04 1.005682277679443359e+04 5.981127262115478516e+03 4.540657043457031250e+03 5.220892429351806641e+03 7.223660469055175781e+03 1.038321876525878906e+04
1.952000000000000000e+03 1.391477680206298828e+04 1.709269905090332031e+04 1.941287422180175781e+04 2.027540016174316406e+04 1.873446083068847656e+04 1.433058357238769531e+04 8.887342453002929688e+03 5.168050765991210938e+03 4.195541858673095703e+03 5.124269962310791016e+03 7.117985248565673828e+03 1.040095901489257812e+04
1.953000000000000000e+03 1.400265216827392578e+04 1.719458389282226562e+04 1.968779373168945312e+04 2.077820396423339844e+04 1.890788459777832031e+04 1.397192955017089844e+04 8.002866744995117188e+03 4.439237594604492188e+03 3.657384872436523438e+03 4.650766372680664062e+03 7.148215770721435547e+03 1.078105068206787109e+04
1.954000000000000000e+03 1.480793380737304688e+04 1.782499504089355469e+04 2.009345436096191406e+04 2.126354598999023438e+04 1.992784118652343750e+04 1.523529720306396484e+04 9.130065917968750000e+03 4.960402488708496094e+03 3.679425954818725586e+03 4.554574489593505859e+03 7.096303939819335938e+03 1.075911140441894531e+04
1.955000000000000000e+03 1.468391132354736328e+04 1.793939971923828125e+04 2.041964912414550781e+04 2.178970718383789062e+04 2.049588584899902344e+04 1.637928581237792969e+04 1.096552562713623047e+04 7.206997871398925781e+03 5.893631935119628906e+03 6.792473316192626953e+03 9.291654586791992188e+03 1.266269588470458984e+04
1.956000000000000000e+03 1.668054962158203125e+04 2.011564064025878906e+04 2.270731735229492188e+04 2.367753028869628906e+04 2.240463829040527344e+04 1.838149452209472656e+04 1.332908535003662109e+04 9.670493125915527344e+03 8.638504028320312500e+03 9.760055541992187500e+03 1.220744991302490234e+04 1.507724189758300781e+04
1.957000000000000000e+03 1.833020782470703125e+04 2.093577003479003906e+04 2.311821174621582031e+04 2.416792869567871094e+04 2.248268127441406250e+04 1.789589118957519531e+04 1.192089843750000000e+04 7.982332706451416016e+03 6.788259506225585938e+03 7.410347938537597656e+03 9.244338989257812500e+03 1.262200832366943359e+04
1.958000000000000000e+03 1.666133308410644531e+04 1.985509681701660156e+04 2.191324615478515625e+04 2.292332458496093750e+04 2.183316230773925781e+04 1.752764511108398438e+04 1.169690036773681641e+04 7.926205158233642578e+03 6.737399101257324219e+03 7.685249328613281250e+03 1.004020214080810547e+04 1.321425151824951172e+04
1.959000000000000000e+03 1.650677871704101562e+04 1.941184234619140625e+04 2.161174583435058594e+04 2.256615257263183594e+04 2.125978851318359375e+04 1.720300483703613281e+04 1.167860126495361328e+04 7.697477817535400391e+03 6.204969882965087891e+03 6.957808971405029297e+03 9.435391426086425781e+03 1.282342338562011719e+04
