1.950000000000000000e+03 1.394053173065185547e+04 1.689280319213867188e+04 1.926870536804199219e+04 2.041227340698242188e+04 1.907172775268554688e+04 1.481255149841308594e+04 9.639373779296875000e+03 5.918617725372314453e+03 4.598146915435791016e+03 5.575490474700927734e+03 7.678657531738281250e+03 1.085237979888916016e+04
1.951000000000000000e+03 1.418003273010253906e+04 1.710416793823242188e+04 1.958364677429199219e+04 2.080506515502929688e+04 1.940688705444335938e+04 1.494289588928222656e+04 9.390047073364257812e+03 5.779609680175781250e+03 4.673350811004638672e+03 5.322684288024902344e+03 7.590574741363525391e+03 1.098400974273681641e+04
1.952000000000000000e+03 1.489640140533447266e+04 1.788021087646484375e+04 2.025166893005371094e+04 2.121294784545898438e+04 1.949691963195800781e+04 1.460004997253417969e+04 9.024268150329589844e+03 5.516920089721679688e+03 4.376198291778564453e+03 4.991052627563476562e+03 7.264329910278320312e+03 1.068937206268310547e+04
1.953000000000000000e+03 1.446132850646972656e+04 1.768573760986328125e+04 2.021505928039550781e+04 2.154269027709960938e+04 2.014115524291992188e+04 1.552543163299560547e+04 1.010377883911132812e+04 6.690105438232421875e+03 5.628902912139892578e+03 6.378875732421875000e+03 8.465484619140625000e+03 1.171707057952880859e+04
1.954000000000000000e+03 1.535817432403564453e+04 1.849487304687500000e+04 2.086806106567382812e+04 2.194949531555175781e+04 2.032616615295410156e+04 1.590315341949462891e+04 1.014283752441406250e+04 5.730380058288574219e+03 4.236929416656494141e+03 5.099172115325927734e+03 7.766256332397460938e+03 1.138423538208007812e+04
1.955000000000000000e+03 1.516575813293457031e+04 1.801101112365722656e+04 2.041975975036621094e+04 2.158398818969726562e+04 2.008303260803222656e+04 1.528334426879882812e+04 9.560967445373535156e+03 5.313705921173095703e+03 4.078807353973388672e+03 4.902624130249023438e+03 7.168405055999755859e+03 1.037296009063720703e+04
1.956000000000000000e+03 1.420973873138427734e+04 1.761846351623535156e+04 2.010965347290039062e+04 2.133917427062988281e+04 1.984709167480468750e+04 1.491639804840087891e+04 9.291876792907714844e+03 5.691667556762695312e+03 4.644642353057861328e+03 5.464092731475830078e+03 7.664000034332275391e+03 1.128413391113281250e+04
1.957000000000000000e+03 1.534058475494384766e+04 1.873978996276855469e+04 2.137578582763671875e+04 2.265019226074218750e+04 2.134961318969726562e+04 1.700413703918457031e+04 1.159211730957031250e+04 7.765501022338867188e+03 6.402283191680908203e+03 6.913689613342285156e+03 9.201745986938476562e+03 1.301082611083984375e+04
1.958000000000000000e+03 1.721980476379394531e+04 2.049534797668457031e+04 2.296816635131835938e+04 2.392901992797851562e+04 2.265318870544433594e+04 1.822638511657714844e+04 1.234550571441650391e+04 8.311818122863769531e+03 6.837773799896240234e+03 7.576071262359619141e+03 9.848758697509765625e+03 1.334105491638183594e+04
1.959000000000000000e+03 1.675301742553710938e+04 1.982510757446289062e+04 2.198975372314453125e+04 2.313625907897949219e+04 2.204122352600097656e+04 1.781877136230468750e+04 1.207256126403808594e+04 8.357268333435058594e+03 7.253785133361816406e+03 7.958458900451660156e+03 1.011083984375000000e+04 1.319694042205810547e+04
