1.950000000000000000e+03 1.356468772888183594e+04 1.679663658142089844e+04 1.903500366210937500e+04 1.998572540283203125e+04 1.841603088378906250e+04 1.404596996307373047e+04 8.560793876647949219e+03 5.226391315460205078e+03 4.201662540435791016e+03 4.976325035095214844e+03 7.023527145385742188e+03 1.015843009948730469e+04
1.951000000000000000e+03 1.360460376739501953e+04 1.675182723999023438e+04 1.898194313049316406e+04 2.029886054992675781e+04 1.903095245361328125e+04 1.517735195159912109e+04 1.022204399108886719e+04 6.539260387420654297e+03 5.401187419891357422e+03 6.120794773101806641e+03 8.141571044921875000e+03 1.124969482421875000e+04
1.952000000000000000e+03 1.489566040039062500e+04 1.783305358886718750e+04 2.021079444885253906e+04 2.137074279785156250e+04 2.021365165710449219e+04 1.580971908569335938e+04 1.008653736114501953e+04 6.103194713592529297e+03 4.824371814727783203e+03 5.625228881835937500e+03 7.631189346313476562e+03 1.036533260345458984e+04
1.953000000000000000e+03 1.388404941558837891e+04 1.710764694213867188e+04 1.948301315307617188e+04 2.060810279846191406e+04 1.935113334655761719e+04 1.492176151275634766e+04 9.515294075012207031e+03 6.162739753723144531e+03 4.926596641540527344e+03 5.709678173065185547e+03 8.113667488098144531e+03 1.150026893615722656e+04
1.954000000000000000e+03 1.540248870849609375e+04 1.823528480529785156e+04 2.046489143371582031e+04 2.127202224731445312e+04 1.956447029113769531e+04 1.490784358978271484e+04 8.991908073425292969e+03 5.016365051269531250e+03 3.559969425201416016e+03 4.077943325042724609e+03 6.544742107391357422e+03 1.056459045410156250e+04
1.955000000000000000e+03 1.454724502563476562e+04 1.753840065002441406e+04 1.977795600891113281e+04 2.109396934509277344e+04 1.985536193847656250e+04 1.537911987304687500e+04 9.511600494384765625e+03 5.742774963378906250e+03 4.401211738586425781e+03 4.951562881469726562e+03 7.385103702545166016e+03 1.084576511383056641e+04
1.956000000000000000e+03 1.480730056762695312e+04 1.770915412902832031e+04 1.986368751525878906e+04 2.074644851684570312e+04 1.932469940185546875e+04 1.464999961853027344e+04 9.146140098571777344e+03 5.488783359527587891e+03 4.509176254272460938e+03 5.309421539306640625e+03 7.615715503692626953e+03 1.082011508941650391e+04
1.957000000000000000e+03 1.437513256072998047e+04 1.728433036804199219e+04 1.958702278137207031e+04 2.051148033142089844e+04 1.857178878784179688e+04 1.376228618621826172e+04 8.388031005859375000e+03 4.903212547302246094e+03 3.768105268478393555e+03 4.589388847351074219e+03 6.655741691589355469e+03 9.925758361816406250e+03
1.958000000000000000e+03 1.377369022369384766e+04 1.708899307250976562e+04 1.956474876403808594e+04 2.091731262207031250e+04 1.951098251342773438e+04 1.502995491027832031e+04 9.443470001220703125e+03 6.257451534271240234e+03 5.308162212371826172e+03 5.760805606842041016e+03 7.777439594268798828e+03 1.093526172637939453e+04
1.959000000000000000e+03 1.428066730499267578e+04 1.740521812438964844e+04 1.973998832702636719e+04 2.064390373229980469e+04 1.911425209045410156e+04 1.470867443084716797e+04 9.282158851623535156e+03 5.789932727813720703e+03 4.928330421447753906e+03 5.684941291809082031e+03 7.969187259674072266e+03 1.143601036071777344e+04
