1.950000000000000000e+03 1.393788909912109375e+04 1.699892234802246094e+04 1.959205245971679688e+04 2.076115608215332031e+04 1.947338104248046875e+04 1.474351978302001953e+04 9.291785240173339844e+03 5.660456657409667969e+03 4.357826232910156250e+03 5.263729572296142578e+03 7.649234771728515625e+03 1.114937877655029297e+04
1.951000000000000000e+03 1.476228237152099609e+04 1.766320991516113281e+04 2.008286094665527344e+04 2.134017562866210938e+04 2.002532386779785156e+04 1.560485076904296875e+04 9.901871681213378906e+03 6.000930309295654297e+03 4.797824859619140625e+03 5.802177906036376953e+03 8.164160728454589844e+03 1.192764949798583984e+04
1.952000000000000000e+03 1.582490348815917969e+04 1.891773033142089844e+04 2.150881767272949219e+04 2.267994880676269531e+04 2.123934173583984375e+04 1.643959426879882812e+04 1.048703670501708984e+04 6.631785392761230469e+03 5.490506172180175781e+03 6.234878063201904297e+03 8.557656288146972656e+03 1.221164226531982422e+04
1.953000000000000000e+03 1.610549926757812500e+04 1.892378807067871094e+04 2.122529792785644531e+04 2.225118637084960938e+04 2.084445190429687500e+04 1.663861846923828125e+04 1.133021259307861328e+04 7.659121990203857422e+03 6.492489337921142578e+03 7.555358409881591797e+03 9.947624206542968750e+03 1.310080337524414062e+04
1.954000000000000000e+03 1.691404342651367188e+04 2.003915977478027344e+04 2.236954307556152344e+04 2.323910903930664062e+04 2.180704689025878906e+04 1.758029937744140625e+04 1.186781597137451172e+04 7.994872570037841797e+03 6.710045337677001953e+03 7.412415981292724609e+03 9.406046867370605469e+03 1.253734779357910156e+04
1.955000000000000000e+03 1.595417785644531250e+04 1.881282424926757812e+04 2.129676818847656250e+04 2.268457221984863281e+04 2.092447471618652344e+04 1.622836303710937500e+04 1.072600173950195312e+04 6.786780357360839844e+03 5.511151790618896484e+03 6.596254348754882812e+03 9.072869300842285156e+03 1.232372665405273438e+04
1.956000000000000000e+03 1.599011039733886719e+04 1.922373771667480469e+04 2.163577842712402344e+04 2.258384323120117188e+04 2.068912696838378906e+04 1.587782859802246094e+04 1.018942928314208984e+04 6.424562454223632812e+03 5.048953056335449219e+03 5.760810852050781250e+03 8.258057594299316406e+03 1.190714931488037109e+04
1.957000000000000000e+03 1.576421165466308594e+04 1.897209167480468750e+04 2.153698348999023438e+04 2.292576980590820312e+04 2.161642646789550781e+04 1.711683845520019531e+04 1.150838184356689453e+04 7.431811332702636719e+03 6.329187393188476562e+03 7.339842796325683594e+03 9.465045928955078125e+03 1.307010650634765625e+04
1.958000000000000000e+03 1.700545120239257812e+04 2.031087303161621094e+04 2.272196006774902344e+04 2.407314682006835938e+04 2.277111244201660156e+04 1.782361412048339844e+04 1.154810714721679688e+04 7.560144901275634766e+03 6.170810699462890625e+03 6.922139644622802734e+03 9.526953697204589844e+03 1.344419860839843750e+04
1.959000000000000000e+03 1.742330169677734375e+04 2.061464118957519531e+04 2.301083374023437500e+04 2.404050827026367188e+04 2.264450836181640625e+04 1.811150169372558594e+04 1.217409801483154297e+04 7.630244255065917969e+03 6.180838108062744141e+03 6.792398452758789062e+03 9.110145568847656250e+03 1.264852237701416016e+04
