1.950000000000000000e+03 1.515611743927001953e+04 1.838951683044433594e+04 2.057236671447753906e+04 2.176183509826660156e+04 2.021771430969238281e+04 1.548174095153808594e+04 9.629791259765625000e+03 5.749819755554199219e+03 4.713843822479248047e+03 5.705800056457519531e+03 7.934179782867431641e+03 1.093124008178710938e+04
1.951000000000000000e+03 1.466641044616699219e+04 1.799317932128906250e+04 2.042849540710449219e+04 2.129793357849121094e+04 1.961619567871093750e+04 1.498333263397216797e+04 9.802216529846191406e+03 6.491020679473876953e+03 5.410188198089599609e+03 6.272037029266357422e+03 8.169764518737792969e+03 1.110925960540771484e+04
1.952000000000000000e+03 1.470629405975341797e+04 1.752245903015136719e+04 1.954000473022460938e+04 2.034634590148925781e+04 1.881158065795898438e+04 1.416350269317626953e+04 8.903237342834472656e+03 5.496423721313476562e+03 4.179221153259277344e+03 5.063772201538085938e+03 7.589457035064697266e+03 1.096141242980957031e+04
1.953000000000000000e+03 1.470374584197998047e+04 1.775064659118652344e+04 2.010086441040039062e+04 2.124856376647949219e+04 1.965825271606445312e+04 1.513714313507080078e+04 9.467522621154785156e+03 5.481986045837402344e+03 4.411445140838623047e+03 5.486323833465576172e+03 7.740648746490478516e+03 1.115567684173583984e+04
1.954000000000000000e+03 1.484982204437255859e+04 1.785753059387207031e+04 2.036727142333984375e+04 2.159855270385742188e+04 2.023098564147949219e+04 1.543548011779785156e+04 9.533779144287109375e+03 5.644772529602050781e+03 4.565992832183837891e+03 5.278871059417724609e+03 7.545577526092529297e+03 1.121519660949707031e+04
1.955000000000000000e+03 1.516091537475585938e+04 1.843800354003906250e+04 2.073945426940917969e+04 2.176015090942382812e+04 2.033795166015625000e+04 1.569760608673095703e+04 1.030028152465820312e+04 6.857925891876220703e+03 5.701479434967041016e+03 6.633690357208251953e+03 8.583151817321777344e+03 1.131176662445068359e+04
1.956000000000000000e+03 1.485171604156494141e+04 1.778153991699218750e+04 2.003367805480957031e+04 2.107780838012695312e+04 1.948304367065429688e+04 1.531488895416259766e+04 1.014586830139160156e+04 7.017039775848388672e+03 6.043491363525390625e+03 6.669181823730468750e+03 8.712916374206542969e+03 1.151395225524902344e+04
1.957000000000000000e+03 1.528013134002685547e+04 1.835504531860351562e+04 2.047685241699218750e+04 2.154408073425292969e+04 2.020405197143554688e+04 1.598213863372802734e+04 1.091159152984619141e+04 7.499502658843994141e+03 6.381391048431396484e+03 7.319102764129638672e+03 9.498782157897949219e+03 1.223702526092529297e+04
1.958000000000000000e+03 1.571027183532714844e+04 1.859108543395996094e+04 2.068860435485839844e+04 2.128806114196777344e+04 1.964931488037109375e+04 1.539985656738281250e+04 1.016456985473632812e+04 6.715028762817382812e+03 5.535016536712646484e+03 6.215275764465332031e+03 8.517491340637207031e+03 1.164277553558349609e+04
1.959000000000000000e+03 1.529669094085693359e+04 1.837958717346191406e+04 2.065947723388671875e+04 2.186812019348144531e+04 2.069017410278320312e+04 1.637586021423339844e+04 1.108073139190673828e+04 7.398723602294921875e+03 6.258113861083984375e+03 7.144543647766113281e+03 9.305845260620117188e+03 1.227223587036132812e+04
