1.950000000000000000e+03 1.569186592102050781e+04 1.906583404541015625e+04 2.132497978210449219e+04 2.194866371154785156e+04 2.022766113281250000e+04 1.571320056915283203e+04 1.038831329345703125e+04 7.058463096618652344e+03 5.967541217803955078e+03 6.851352691650390625e+03 8.891848564147949219e+03 1.243293571472167969e+04
1.951000000000000000e+03 1.630812454223632812e+04 1.937431144714355469e+04 2.180242156982421875e+04 2.297919654846191406e+04 2.156203651428222656e+04 1.687713623046875000e+04 1.088965797424316406e+04 7.181917190551757812e+03 6.091558456420898438e+03 7.071248054504394531e+03 9.364909172058105469e+03 1.281194591522216797e+04
1.952000000000000000e+03 1.622998428344726562e+04 1.903229141235351562e+04 2.137924766540527344e+04 2.222811508178710938e+04 2.061480522155761719e+04 1.571346092224121094e+04 9.680018424987792969e+03 5.862065315246582031e+03 4.454013347625732422e+03 5.105794429779052734e+03 7.643125534057617188e+03 1.115590190887451172e+04
1.953000000000000000e+03 1.537342262268066406e+04 1.891263389587402344e+04 2.162613296508789062e+04 2.281558227539062500e+04 2.131365585327148438e+04 1.676418113708496094e+04 1.095773029327392578e+04 6.674571037292480469e+03 5.372469425201416016e+03 6.410782814025878906e+03 8.926127433776855469e+03 1.213704586029052734e+04
1.954000000000000000e+03 1.570102977752685547e+04 1.855854606628417969e+04 2.092722892761230469e+04 2.196269226074218750e+04 2.047879791259765625e+04 1.576385974884033203e+04 9.485172271728515625e+03 5.322703838348388672e+03 4.076620101928710938e+03 4.776675701141357422e+03 7.210950374603271484e+03 1.095097637176513672e+04
1.955000000000000000e+03 1.498293590545654297e+04 1.857206726074218750e+04 2.100764083862304688e+04 2.234908294677734375e+04 2.109933280944824219e+04 1.631056213378906250e+04 1.039091014862060547e+04 6.249715805053710938e+03 4.792021274566650391e+03 5.585579395294189453e+03 7.688167095184326172e+03 1.118204784393310547e+04
1.956000000000000000e+03 1.498534011840820312e+04 1.792006301879882812e+04 2.024347496032714844e+04 2.108419227600097656e+04 1.954681396484375000e+04 1.476332378387451172e+04 8.904145240783691406e+03 5.030344486236572266e+03 3.922400951385498047e+03 4.992579460144042969e+03 7.288615226745605469e+03 1.055157947540283203e+04
1.957000000000000000e+03 1.414390850067138672e+04 1.714475822448730469e+04 1.971670722961425781e+04 2.090829277038574219e+04 1.953178977966308594e+04 1.498713779449462891e+04 9.397265434265136719e+03 5.342509269714355469e+03 4.084399223327636719e+03 5.173095226287841797e+03 7.691582679748535156e+03 1.111273002624511719e+04
1.958000000000000000e+03 1.467137050628662109e+04 1.795936012268066406e+04 2.063316154479980469e+04 2.169288444519042969e+04 2.016480827331542969e+04 1.548321723937988281e+04 9.493243217468261719e+03 5.392597198486328125e+03 4.152299880981445312e+03 4.903168678283691406e+03 7.151245594024658203e+03 1.068564701080322266e+04
1.959000000000000000e+03 1.463024425506591797e+04 1.802390289306640625e+04 2.056126403808593750e+04 2.171285057067871094e+04 2.020718193054199219e+04 1.582607269287109375e+04 1.023563194274902344e+04 6.133563041687011719e+03 4.921758174896240234e+03 5.839843273162841797e+03 8.557475090026855469e+03 1.181351661682128906e+04
