1.950000000000000000e+03 1.551888561248779297e+04 1.872857856750488281e+04 2.133129310607910156e+04 2.260033416748046875e+04 2.130291938781738281e+04 1.709601593017578125e+04 1.150371456146240234e+04 7.547096729278564453e+03 6.339728355407714844e+03 7.293849468231201172e+03 9.535488128662109375e+03 1.280345916748046875e+04
1.951000000000000000e+03 1.664629554748535156e+04 1.973960304260253906e+04 2.204472923278808594e+04 2.305874824523925781e+04 2.169334411621093750e+04 1.737735748291015625e+04 1.157091903686523438e+04 7.588169574737548828e+03 6.208938598632812500e+03 7.119742870330810547e+03 9.494050979614257812e+03 1.273392772674560547e+04
1.952000000000000000e+03 1.649438476562500000e+04 1.964137268066406250e+04 2.191502761840820312e+04 2.256851959228515625e+04 2.047036552429199219e+04 1.536294078826904297e+04 9.594097137451171875e+03 6.215429782867431641e+03 5.190515995025634766e+03 6.171082496643066406e+03 8.237297058105468750e+03 1.167946052551269531e+04
1.953000000000000000e+03 1.562380599975585938e+04 1.853982925415039062e+04 2.097005653381347656e+04 2.228801918029785156e+04 2.084381103515625000e+04 1.631602287292480469e+04 1.094398880004882812e+04 7.160731315612792969e+03 5.828720569610595703e+03 6.551581382751464844e+03 8.461925506591796875e+03 1.183222770690917969e+04
1.954000000000000000e+03 1.489389419555664062e+04 1.771850967407226562e+04 1.991478538513183594e+04 2.094284248352050781e+04 1.921406173706054688e+04 1.430845260620117188e+04 8.562416076660156250e+03 4.904565334320068359e+03 3.737389564514160156e+03 4.548579216003417969e+03 6.637051105499267578e+03 9.597670555114746094e+03
1.955000000000000000e+03 1.335122489929199219e+04 1.666096496582031250e+04 1.912446594238281250e+04 2.058712196350097656e+04 1.936237716674804688e+04 1.505100250244140625e+04 9.661461830139160156e+03 5.755715370178222656e+03 4.554231166839599609e+03 5.496217727661132812e+03 7.819268703460693359e+03 1.123788166046142578e+04
1.956000000000000000e+03 1.479666328430175781e+04 1.849241638183593750e+04 2.099451637268066406e+04 2.235222625732421875e+04 2.108106994628906250e+04 1.676436996459960938e+04 1.093365669250488281e+04 6.780599594116210938e+03 5.659695625305175781e+03 6.560291767120361328e+03 9.084535598754882812e+03 1.244184589385986328e+04
1.957000000000000000e+03 1.567652797698974609e+04 1.895650291442871094e+04 2.123640632629394531e+04 2.222968482971191406e+04 2.073029136657714844e+04 1.638958168029785156e+04 1.092741584777832031e+04 7.049865722656250000e+03 5.707789421081542969e+03 6.609732151031494141e+03 8.725515365600585938e+03 1.197491836547851562e+04
1.958000000000000000e+03 1.565926837921142578e+04 1.840793228149414062e+04 2.049641227722167969e+04 2.142481994628906250e+04 1.989106941223144531e+04 1.558073139190673828e+04 1.022024059295654297e+04 6.596332550048828125e+03 5.329013347625732422e+03 5.816048145294189453e+03 7.763013839721679688e+03 1.102526950836181641e+04
1.959000000000000000e+03 1.463743209838867188e+04 1.797006988525390625e+04 2.084289169311523438e+04 2.224925231933593750e+04 2.112335014343261719e+04 1.693981170654296875e+04 1.196595096588134766e+04 8.324417114257812500e+03 7.100783824920654297e+03 7.870219230651855469e+03 9.793790817260742188e+03 1.275191497802734375e+04
