1.950000000000000000e+03 1.480706977844238281e+04 1.786885261535644531e+04 2.026310157775878906e+04 2.137810325622558594e+04 1.962355232238769531e+04 1.464974784851074219e+04 8.848434448242187500e+03 5.383696556091308594e+03 4.276261806488037109e+03 5.189907550811767578e+03 7.401229858398437500e+03 1.099685668945312500e+04
1.951000000000000000e+03 1.491789913177490234e+04 1.818593788146972656e+04 2.017574691772460938e+04 2.122929000854492188e+04 1.974954414367675781e+04 1.514341640472412109e+04 9.299652099609375000e+03 5.638707160949707031e+03 4.465620994567871094e+03 5.156459331512451172e+03 7.370477199554443359e+03 1.104228305816650391e+04
1.952000000000000000e+03 1.480840110778808594e+04 1.804653358459472656e+04 2.047554397583007812e+04 2.159872055053710938e+04 2.004883956909179688e+04 1.511700725555419922e+04 9.245069503784179688e+03 5.694888591766357422e+03 4.585608482360839844e+03 5.317224979400634766e+03 7.549956798553466797e+03 1.141271400451660156e+04
1.953000000000000000e+03 1.549963474273681641e+04 1.865505409240722656e+04 2.113338279724121094e+04 2.234674835205078125e+04 2.115625762939453125e+04 1.664782142639160156e+04 1.079861736297607422e+04 6.696268558502197266e+03 5.233523845672607422e+03 6.127348899841308594e+03 8.292646408081054688e+03 1.163034343719482422e+04
1.954000000000000000e+03 1.549459934234619141e+04 1.855275344848632812e+04 2.102875137329101562e+04 2.243371582031250000e+04 2.085628318786621094e+04 1.598728847503662109e+04 9.912668228149414062e+03 5.669798374176025391e+03 4.407593727111816406e+03 4.992376327514648438e+03 7.570589542388916016e+03 1.142081356048583984e+04
1.955000000000000000e+03 1.545688629150390625e+04 1.876449012756347656e+04 2.122607421875000000e+04 2.230880165100097656e+04 2.080275917053222656e+04 1.617245101928710938e+04 1.061892509460449219e+04 6.715544700622558594e+03 5.463309288024902344e+03 6.193507671356201172e+03 8.606469154357910156e+03 1.207290267944335938e+04
1.956000000000000000e+03 1.609151268005371094e+04 1.950855636596679688e+04 2.179827880859375000e+04 2.291372680664062500e+04 2.147864151000976562e+04 1.686486244201660156e+04 1.127278614044189453e+04 7.630794048309326172e+03 6.483816623687744141e+03 7.366578102111816406e+03 9.728807449340820312e+03 1.297170543670654297e+04
1.957000000000000000e+03 1.643910980224609375e+04 1.929066658020019531e+04 2.152771568298339844e+04 2.238182830810546875e+04 2.084107398986816406e+04 1.626671409606933594e+04 1.059235954284667969e+04 6.910683631896972656e+03 5.696700572967529297e+03 6.558365821838378906e+03 8.750499725341796875e+03 1.161397743225097656e+04
1.958000000000000000e+03 1.537886142730712891e+04 1.867467117309570312e+04 2.089704513549804688e+04 2.202101898193359375e+04 2.067488098144531250e+04 1.596289920806884766e+04 1.018738269805908203e+04 6.193751335144042969e+03 4.995715618133544922e+03 6.004435539245605469e+03 8.195850372314453125e+03 1.153326892852783203e+04
1.959000000000000000e+03 1.487066650390625000e+04 1.776501655578613281e+04 2.028446960449218750e+04 2.129434776306152344e+04 1.963242912292480469e+04 1.517210006713867188e+04 9.155559539794921875e+03 5.175116539001464844e+03 4.063607692718505859e+03 4.871010780334472656e+03 7.135520935058593750e+03 1.085300445556640625e+04
