1.950000000000000000e+03 1.412872314453125000e+04 1.722030639648437500e+04 1.951294517517089844e+04 2.084858894348144531e+04 1.958062362670898438e+04 1.496076679229736328e+04 9.086331367492675781e+03 5.165939807891845703e+03 4.026156902313232422e+03 4.585738658905029297e+03 6.285637378692626953e+03 9.206314086914062500e+03
1.951000000000000000e+03 1.296009254455566406e+04 1.627612686157226562e+04 1.881345939636230469e+04 1.983309555053710938e+04 1.833051300048828125e+04 1.391977691650390625e+04 8.443490028381347656e+03 4.909646034240722656e+03 3.848787307739257812e+03 4.713319778442382812e+03 6.851488590240478516e+03 9.924985885620117188e+03
1.952000000000000000e+03 1.374745941162109375e+04 1.710638809204101562e+04 1.970211601257324219e+04 2.085143089294433594e+04 1.935059928894042969e+04 1.478869628906250000e+04 9.167302131652832031e+03 5.129205226898193359e+03 3.707813501358032227e+03 4.388696193695068359e+03 6.794247627258300781e+03 1.003854656219482422e+04
1.953000000000000000e+03 1.403719139099121094e+04 1.732246017456054688e+04 1.969890403747558594e+04 2.080702781677246094e+04 1.958128547668457031e+04 1.551202297210693359e+04 1.012553691864013672e+04 6.751722335815429688e+03 5.721557140350341797e+03 6.735223293304443359e+03 8.921577453613281250e+03 1.195344924926757812e+04
1.954000000000000000e+03 1.541980648040771484e+04 1.814170265197753906e+04 2.026623153686523438e+04 2.136005210876464844e+04 2.017697334289550781e+04 1.598348236083984375e+04 1.052511310577392578e+04 6.677205562591552734e+03 5.577161788940429688e+03 6.256295204162597656e+03 8.465362548828125000e+03 1.218705940246582031e+04
1.955000000000000000e+03 1.580963897705078125e+04 1.893860435485839844e+04 2.129264450073242188e+04 2.246772193908691406e+04 2.077081871032714844e+04 1.602002906799316406e+04 1.035810661315917969e+04 6.431532382965087891e+03 5.355700492858886719e+03 6.082732200622558594e+03 8.333172798156738281e+03 1.121825981140136719e+04
1.956000000000000000e+03 1.445418071746826172e+04 1.752535438537597656e+04 1.989003753662109375e+04 2.096601486206054688e+04 1.953630065917968750e+04 1.495847511291503906e+04 9.586957931518554688e+03 6.094561100006103516e+03 5.105037212371826172e+03 5.800522804260253906e+03 8.079000473022460938e+03 1.129563426971435547e+04
1.957000000000000000e+03 1.488742065429687500e+04 1.795782279968261719e+04 2.050022506713867188e+04 2.180349349975585938e+04 2.049672698974609375e+04 1.595102787017822266e+04 1.030187129974365234e+04 6.478875160217285156e+03 5.370972156524658203e+03 6.252874851226806641e+03 8.367924690246582031e+03 1.140307140350341797e+04
1.958000000000000000e+03 1.491869354248046875e+04 1.822433853149414062e+04 2.041877555847167969e+04 2.151731491088867188e+04 2.001362609863281250e+04 1.559926891326904297e+04 1.048643493652343750e+04 6.729174137115478516e+03 5.575568675994873047e+03 6.454668045043945312e+03 8.429586410522460938e+03 1.133251285552978516e+04
1.959000000000000000e+03 1.462146759033203125e+04 1.735403823852539062e+04 1.940549659729003906e+04 2.017113494873046875e+04 1.894660186767578125e+04 1.496697044372558594e+04 9.914418220520019531e+03 6.929364681243896484e+03 6.005702495574951172e+03 6.582510948181152344e+03 8.482751846313476562e+03 1.140684604644775391e+04
