7.564389039018547010e+03 9.855020554524786348e+03 1.174527440122128610e+04 1.373428618813889443e+04 1.522714496331645387e+04 1.528690760819089337e+04 1.403190333550540163e+04 1.213033928585788635e+04 9.035074593231462131e+03 4.087197823285954200e+03 3.353822727733526335e+03 4.954219682856570216e+03
7.141178464693800379e+03 9.055807201617446481e+03 1.122835217461222055e+04 1.305164079735451924e+04 1.500139938235580848e+04 1.502527425512539048e+04 1.345291870242904224e+04 1.119713861288209591e+04 8.308207266446695940e+03 3.803513640859958741e+03 3.213338283321663766e+03 4.939595205124626773e+03
7.665864259441511422e+03 9.660335103733073993e+03 1.147610052707443538e+04 1.380681803242866772e+04 1.586029983643822197e+04 1.574000560794119883e+04 1.448294673960658110e+04 1.141138852068977576e+04 9.183546835013134114e+03 4.412810948418309636e+03 3.501051640070380927e+03 4.953858825481603162e+03
6.716536757417630724e+03 8.878702904049450808e+03 1.107121578784377925e+04 1.285468590255064191e+04 1.462969107902384712e+04 1.431627018672938175e+04 1.372547326518835871e+04 1.128203249015931942e+04 7.203377125415466253e+03 3.733876463417924697e+03 2.755745401217681319e+03 4.626366846216867089e+03
6.549254386454139421e+03 8.864721657421012424e+03 1.108275658795228264e+04 1.287227643611771236e+04 1.425287263011488722e+04 1.414601688006414770e+04 1.356478488338938769e+04 1.068120553396485775e+04 8.443844187255586803e+03 4.610426472987290254e+03 2.968219744197572254e+03 5.333226544269070473e+03
7.390551428450807180e+03 9.239212843649598653e+03 1.078737289744684131e+04 1.233505916184922899e+04 1.382227808382056173e+04 1.373385496735178458e+04 1.343066452177290194e+04 1.223516797036866956e+04 8.833172851253762929e+03 3.976416491982461594e+03 2.963187917863292114e+03 4.917214346646058402e+03
7.199352438268089827e+03 9.276147875738639414e+03 1.099615360181081451e+04 1.287938133110049966e+04 1.454452110437717056e+04 1.440965412959361493e+04 1.308237631042613611e+04 1.139951348107815647e+04 7.900820385317494583e+03 3.904044563059041593e+03 2.808846835204600211e+03 4.674471323100134214e+03
6.576258200236739867e+03 8.913170330792016102e+03 1.077788590724535425e+04 1.260945584327787947e+04 1.391813170877477569e+04 1.374802682695759177e+04 1.327493709191772359e+04 1.091132067330789505e+04 8.088937519099441488e+03 3.956697799431875865e+03 3.034682129425746552e+03 4.653053288368572794e+03
7.101689915219564682e+03 9.306460434405038541e+03 1.127168994311976167e+04 1.362188021227995887e+04 1.487247143809371482e+04 1.420523086374046579e+04 1.317652787589520813e+04 1.165620133316060128e+04 9.372921943226119765e+03 3.799560608432692788e+03 2.976421150294634117e+03 4.440776629706993845e+03
6.815668343348761482e+03 9.251589334968499315e+03 1.155044123282031433e+04 1.366082699672192393e+04 1.555520911740314659e+04 1.534706986509813396e+04 1.390232414968829471e+04 1.058669710712788583e+04 9.115444195785434204e+03 4.967825276617331838e+03 3.477731446066755325e+03 5.333972089279381180e+03
8.157428659680149394e+03 9.814281086643353774e+03 1.119000486057415037e+04 1.317546423038909052e+04 1.526525112054830788e+04 1.508080367653721987e+04 1.387899338231451475e+04 9.835792916706599499e+03 7.694281755329300722e+03 4.097115811484739424e+03 3.410182666997363867e+03 5.272287803004795023e+03
7.455623214388069755e+03 9.603964632549965245e+03 1.150632535109614946e+04 1.359368481636789329e+04 1.559598135995707344e+04 1.515765738404403419e+04 1.467941282737951406e+04 1.136027399228244394e+04 8.784707679041930533e+03 3.729041095416538155e+03 3.867683047961483226e+03 5.125043428481682895e+03
7.680682290185868624e+03 1.001422271197283953e+04 1.213685440842295066e+04 1.403262297023085557e+04 1.524509730794206916e+04 1.539510795953179877e+04 1.435745190768376051e+04 1.035673953270405036e+04 8.071953893634299675e+03 4.737218636011061790e+03 4.176482974636791369e+03 6.009452696240416117e+03
7.729528615768449527e+03 9.540301391093955317e+03 1.110287842100334819e+04 1.315163774951603955e+04 1.445172296307982288e+04 1.415046928572853358e+04 1.337069722622855443e+04 1.124436668727540564e+04 8.839548165827787670e+03 4.468984318374255963e+03 4.319186450584382328e+03 6.057626285634630221e+03
8.449828583655647890e+03 9.994107798866063604e+03 1.158909195463145988e+04 1.363824617450021287e+04 1.531480958886988083e+04 1.508477932987685926e+04 1.461062351350476092e+04 1.044966049222274887e+04 6.965096198092690429e+03 4.102887706661993434e+03 3.788656667839108650e+03 5.026222840216384611e+03
7.089982015154371766e+03 9.451729584761867955e+03 1.146791304536373354e+04 1.310407665123280822e+04 1.461980903033746472e+04 1.453142395008866515e+04 1.472117490163868933e+04 1.145890841392782386e+04 8.166972106095177878e+03 4.582070686387588466e+03 3.566358765631452115e+03 4.768751643663516916e+03
7.544297081354517104e+03 9.776196948217831959e+03 1.176143252377315730e+04 1.364864241996321834e+04 1.481761332496134673e+04 1.533032914255904325e+04 1.259945967821631166e+04 1.054475503560503785e+04 8.733922891916101435e+03 4.842326281149131319e+03 4.035997372946255382e+03 5.895999981318819664e+03
7.439779898272661740e+03 9.184831132573019204e+03 1.126750129448535336e+04 1.299903304996780753e+04 1.472659042293361381e+04 1.470294682039821419e+04 1.360844149366921192e+04 1.082196804524981417e+04 9.136133433978420726e+03 5.276333964220085363e+03 3.452898076985543867e+03 4.927724892339138933e+03
7.366584678733268447e+03 9.281789699954939351e+03 1.093099145184767258e+04 1.257983238731561323e+04 1.414429019977861390e+04 1.383920064253163946e+04 1.351102221691966952e+04 1.116793976058589942e+04 7.793470908756759854e+03 4.433555898812541272e+03 3.419658999887833033e+03 4.748271725068867454e+03
6.957714054159904663e+03 8.750493330832716310e+03 1.047564315116589751e+04 1.233826657470974169e+04 1.400431258849259757e+04 1.374766878190795978e+04 1.354762180080981489e+04 1.175567332344517126e+04 8.994313254938744649e+03 4.773127955866765660e+03 3.714174748052500490e+03 4.628592028310140449e+03
6.622746484824814615e+03 8.038303904943131784e+03 9.717690374009804145e+03 1.170765425694196711e+04 1.313502378410242818e+04 1.279812482174834258e+04 1.269939318768262092e+04 1.028018296060376997e+04 7.796680278555824771e+03 4.643555611189472074e+03 2.799613157631437844e+03 5.078995412054331609e+03
6.982098004724267412e+03 8.819731342876839335e+03 1.034250328510102736e+04 1.241741537911814521e+04 1.390790541640044103e+04 1.356666513174016472e+04 1.309097397707577875e+04 1.091591737062551692e+04 8.032221485420091994e+03 4.435307515479753420e+03 3.512417405904743191e+03 4.599961811155181749e+03
6.225321618023950577e+03 8.328627381617305218e+03 1.041172653969217208e+04 1.238847291888929249e+04 1.388130236753175268e+04 1.354989354352596820e+04 1.294052943350105124e+04 1.231011784686688952e+04 8.407114618899642664e+03 3.986702396468057486e+03 2.493027013031124625e+03 4.008867694425839545e+03
6.411874028418169473e+03 8.712107714128429507e+03 1.073394158342302399e+04 1.280522878826407941e+04 1.463507216686372703e+04 1.412884198503730659e+04 1.382841723629751868e+04 1.222867229131324348e+04 8.451810300280252704e+03 3.665302212910866729e+03 2.598517301946615135e+03 4.285720915511663407e+03
6.244285623316237434e+03 8.629864573888091400e+03 1.053057245790100933e+04 1.235784643125007278e+04 1.406920603355072672e+04 1.392790302659324698e+04 1.362113769345163018e+04 1.163357115407042147e+04 9.061046116287852783e+03 4.219354552703559420e+03 2.591354491677057922e+03 4.363812356071762224e+03
6.392474195105687613e+03 8.334085305400627476e+03 1.039528807045533722e+04 1.246755985726751896e+04 1.392545388120105781e+04 1.405053847349048374e+04 1.229433808252494782e+04 1.047933479691426874e+04 8.964942755430183752e+03 4.477334926478330999e+03 3.092863900556031240e+03 4.715185844143385111e+03
6.986834371554158679e+03 8.758978054539718869e+03 1.073950326580339060e+04 1.291804340629268336e+04 1.463198920905029991e+04 1.457455280406109159e+04 1.350606578545045522e+04 1.141772164108688958e+04 8.550810200282634469e+03 4.508865424774213352e+03 2.715560571019721920e+03 4.526298595696533994e+03
6.403785785970144389e+03 8.508670741247318801e+03 1.017922320191523795e+04 1.215091302054786684e+04 1.380417947277541680e+04 1.284246269444885365e+04 1.313678773641771113e+04 1.087324966555861101e+04 7.940974352686902421e+03 4.043463496014565862e+03 3.032097553042656727e+03 4.578364095966307104e+03
7.237182596129931881e+03 8.960133905829845389e+03 1.088041129975931108e+04 1.272931371354520343e+04 1.412237814916666321e+04 1.424990262573822110e+04 1.425425425957934931e+04 1.235685314703200856e+04 9.231407861321198652e+03 4.547583865109761973e+03 2.963783593432901398e+03 4.674731154511372551e+03
6.854573169506593331e+03 8.949748978779671233e+03 1.098611683393876592e+04 1.303923927679693588e+04 1.520672528333139962e+04 1.490942068464101067e+04 1.353059056921782940e+04 1.275850718258695633e+04 1.005718197446998420e+04 4.370359108764350822e+03 3.392550000382949293e+03 4.902126315104117566e+03
7.161212581807229071e+03 8.862299769992208894e+03 1.051499527936838240e+04 1.239692642864291156e+04 1.405723432396280077e+04 1.421276113035272283e+04 1.319473961076795604e+04 1.065481356826170486e+04 8.929212437503290857e+03 4.769083347110109571e+03 3.934302643847129730e+03 4.726778058440057066e+03
7.169433452701213355e+03 8.962071555425332917e+03 1.082311728461584426e+04 1.308225662395444488e+04 1.499065021522042298e+04 1.563739388223669266e+04 1.430621733928896538e+04 1.115114111664926895e+04 9.513649857015472662e+03 4.858684121982434590e+03 3.591851864710377413e+03 5.035083471055365408e+03
7.501298748694967799e+03 9.343789718805721350e+03 1.139713062855782118e+04 1.362833073776608035e+04 1.520268521452740424e+04 1.528313988576601878e+04 1.407281238804688837e+04 1.132969548683103130e+04 9.366855086816049152e+03 4.050942422746983084e+03 3.400917077452189915e+03 5.815485033534441754e+03
7.598959928817002947e+03 9.290996990211480806e+03 1.119357390772696635e+04 1.341427824414333008e+04 1.541657499905224176e+04 1.514159687591459260e+04 1.370996416891891386e+04 1.168578398499322066e+04 9.260277100546107249e+03 4.942412486481949600e+03 3.326159844943446842e+03 4.765713062811055352e+03
6.591588149674156739e+03 8.416807866813347573e+03 1.050019907984809470e+04 1.268565848355305025e+04 1.440844195412338195e+04 1.369737204979228045e+04 1.321498309769472871e+04 1.127679182018527899e+04 8.500246188508383057e+03 4.749719199870844022e+03 3.200339111837212840e+03 4.139223708422055097e+03
7.215827926315904733e+03 9.259350551111094319e+03 1.108263905202467140e+04 1.303132267853824851e+04 1.515139985911362419e+04 1.474872239001240814e+04 1.343601230950805075e+04 1.158171430219087415e+04 8.351088474285033953e+03 3.455548500857953513e+03 2.908616352378072861e+03 4.800336475373425856e+03
7.661904556663920630e+03 9.329057498524340190e+03 1.101656828594898252e+04 1.309638115441346235e+04 1.430703852662968529e+04 1.446412393060882096e+04 1.373011646305251998e+04 1.205429202296113726e+04 1.042479983152000204e+04 5.723982453608976357e+03 3.114109474340431007e+03 5.435445935017290140e+03
8.226193431749006777e+03 9.731224060829114023e+03 1.150513392484189717e+04 1.344334740044063983e+04 1.494999916679513808e+04 1.557997341469779712e+04 1.417998379695166113e+04 1.205599210453370324e+04 9.549373909220186761e+03 4.255620785094970415e+03 3.024517325681867987e+03 4.948504537055467154e+03
8.102940372077697248e+03 9.675519387962278415e+03 1.154889857031447900e+04 1.346110046274521483e+04 1.463738109321762204e+04 1.485017440369430369e+04 1.324217429106280906e+04 1.150514147117693938e+04 9.182547696220950456e+03 3.800314331443253650e+03 2.986606402257207264e+03 4.906607957864136552e+03
7.119774757627130384e+03 8.846865013949325657e+03 1.099117877387062254e+04 1.285737329097483598e+04 1.488352355629884551e+04 1.475676031055516978e+04 1.317477494117709648e+04 1.157417615948788625e+04 9.301541532759865731e+03 4.444935877000409164e+03 3.169092040035138325e+03 4.373745809901723987e+03
6.713702195960084282e+03 8.742677881987321598e+03 1.086319987854473220e+04 1.257981831759658053e+04 1.396818322064872700e+04 1.378645761026645232e+04 1.261922067944230548e+04 1.123310319069074831e+04 8.118680193212511767e+03 3.566897091809136327e+03 2.607028806426600113e+03 4.129415005351585933e+03
6.724849581895818119e+03 8.696938641395274317e+03 1.059254877911202675e+04 1.205304154888254561e+04 1.345855350311950133e+04 1.307796055751383028e+04 1.246751418334573100e+04 1.158132025947383954e+04 8.551980748217005385e+03 4.657383445087260952e+03 1.971472741962190412e+03 3.304782394791411207e+03
5.444647047069871405e+03 7.535363877692484493e+03 9.427474422829627656e+03 1.128195452873777504e+04 1.273921302497645411e+04 1.258246600698909788e+04 1.219605089623091408e+04 1.096665316202049326e+04 7.663783799565233494e+03 3.482146316486599972e+03 2.142311309997656736e+03 3.336171289799675833e+03
5.384013352818778912e+03 7.496608439513127450e+03 9.539603017071642171e+03 1.155779180204003933e+04 1.359582808645936166e+04 1.291913814715042281e+04 1.181399608012513818e+04 1.032411146342454413e+04 8.481362781999952858e+03 4.373831399507424067e+03 2.780051907955259594e+03 3.800503776522703447e+03
6.086060138801232824e+03 7.839112636628139626e+03 9.708341671547845181e+03 1.155924272212950927e+04 1.338795530500782115e+04 1.289314958771452257e+04 1.268652763300924016e+04 1.088943038616168997e+04 7.775871024662110358e+03 3.002474136645711042e+03 2.564836111446540144e+03 3.734778740023492901e+03
6.078139518787468660e+03 7.945138931668640907e+03 9.682248635978765378e+03 1.175809998627252389e+04 1.377909552085742143e+04 1.398993817378646236e+04 1.255959841571142715e+04 1.020048032717245769e+04 8.495885517763799726e+03 3.841613253998962136e+03 2.528295173007534231e+03 4.016151111449208202e+03
6.236859746813865058e+03 8.597340199853964805e+03 1.077822653417173933e+04 1.288959142571048687e+04 1.419063267479627939e+04 1.321484441859495564e+04 1.246525530363557846e+04 1.058743547397276598e+04 7.920283352407825987e+03 3.628618292551675495e+03 2.659056291593589776e+03 4.746251571873402099e+03
6.459253353263275130e+03 8.213137160038915681e+03 1.010832475563144908e+04 1.222860247667304793e+04 1.409133686906364164e+04 1.377356463138053005e+04 1.338503029898528257e+04 1.114707394080752601e+04 7.783559328949860173e+03 3.426010827021269506e+03 2.304004727813269710e+03 3.522422529695537833e+03
6.286651370958957159e+03 8.294933916258669342e+03 1.070906289529911191e+04 1.269517562371982422e+04 1.401966729406357445e+04 1.447910463908359088e+04 1.320221320765317250e+04 1.088610289007736901e+04 7.771385439429452163e+03 4.141928182278600616e+03 2.685697974732044713e+03 3.613547571480242368e+03
6.011090061224818783e+03 8.185157158746008463e+03 1.040661874432826335e+04 1.254934388846103320e+04 1.385015614669643037e+04 1.393032386617802877e+04 1.140190867851834628e+04 9.775464515573306926e+03 8.523468738541225321e+03 4.090601757086262296e+03 2.982343425913711144e+03 4.634782342532387702e+03
6.649415896692907154e+03 8.583913294722597129e+03 1.033844864360277097e+04 1.225386075549700399e+04 1.360125992945304461e+04 1.386760249055461463e+04 1.211555855833052556e+04 9.082154607211608891e+03 9.654473773380474086e+03 4.827250695858057043e+03 3.166480642452137090e+03 4.277986328496888746e+03
6.913325030586964203e+03 9.306994306227097695e+03 1.140554170903853628e+04 1.332536304832690257e+04 1.471327782400843353e+04 1.469140537449130352e+04 1.319416239954780940e+04 1.108049790566723277e+04 9.183035638698993353e+03 3.514413237983308591e+03 3.165546229746147219e+03 4.521358414321724922e+03
6.954677358498770445e+03 9.010642159434546556e+03 1.085884405912719558e+04 1.264192271348480244e+04 1.408078013097491566e+04 1.408034649868069027e+04 1.357465341265505958e+04 1.093920797841111926e+04 8.760302643900306066e+03 4.346417207782992591e+03 3.790638273151689191e+03 5.058427726796351635e+03
6.937514330551539388e+03 9.043529249607749080e+03 1.070323538700180688e+04 1.300864039865141422e+04 1.434553326637248028e+04 1.465408551419520518e+04 1.303740158737398815e+04 1.044566214067209694e+04 9.823421524598648830e+03 5.376512660962538575e+03 3.724914317296579156e+03 4.872246327354861933e+03
6.955627850881638551e+03 9.192477978521223122e+03 1.093203876830113768e+04 1.287556178765727418e+04 1.409886625804621326e+04 1.414140305633622302e+04 1.338611313607925331e+04 1.052244421374101148e+04 8.265876109082737457e+03 3.775236076255917396e+03 2.618963592328231243e+03 4.100130387719607825e+03
6.487294495636201646e+03 8.724126798527286155e+03 1.075924361523083280e+04 1.279911589816571723e+04 1.447435028715549925e+04 1.389070009871578077e+04 1.310413901583470033e+04 1.179489007455894716e+04 7.775964162643387681e+03 3.659427079007826251e+03 2.491388055004314083e+03 3.497917997302706226e+03
6.032775658331642262e+03 8.076352075632807100e+03 9.821471974996871722e+03 1.144220506114935779e+04 1.259497275638981591e+04 1.212369222182850172e+04 1.222792752774986729e+04 1.109211877372380332e+04 8.336009340180142317e+03 4.066874945608683447e+03 2.546930731233275765e+03 3.774625857285967868e+03
6.140344976463969942e+03 8.387050078896545529e+03 1.047205823810696711e+04 1.246748371394885180e+04 1.367812122443770932e+04 1.310123716755909118e+04 1.319480487522069234e+04 1.127787480627730474e+04 8.452743639466041714e+03 4.521374475227395124e+03 1.934198378416807600e+03 3.078869025048750245e+03
5.308281068399002834e+03 7.465153910439047650e+03 9.570333308133558603e+03 1.169277080708442736e+04 1.311088278854851524e+04 1.249413466669343143e+04 1.215851485063871223e+04 9.578658795890833062e+03 5.867306555204264441e+03 3.122017745849966559e+03 2.313281940111982749e+03 3.698908861648783386e+03
5.791944668453651502e+03 8.139305261087639337e+03 1.023107347661646418e+04 1.186115115523965505e+04 1.307454218303959169e+04 1.272001381081025647e+04 1.291031918248842703e+04 1.288154631450090710e+04 9.331612838150116659e+03 4.571547861934615867e+03 2.509464272203854307e+03 3.648696642425364644e+03
5.989043157663294551e+03 7.864415037026630671e+03 9.541432970053034296e+03 1.183661571661675225e+04 1.281875322578602209e+04 1.237597948195874415e+04 1.221979576992757939e+04 1.061808975504338196e+04 7.053386655939348202e+03 3.168525602090233406e+03 2.072698689836029644e+03 3.310136998361466340e+03
5.856271361495330893e+03 7.913173348426668781e+03 9.761047219600948665e+03 1.146166603878023852e+04 1.232109932269979618e+04 1.238197330792122375e+04 1.203155080017381624e+04 1.041743974118416918e+04 5.918010117355606781e+03 3.688262087117499505e+03 2.307837517377389759e+03 3.187599660551560646e+03
5.299586549931303125e+03 7.097133449500706774e+03 9.205847119884088897e+03 1.106237624679011969e+04 1.229782338357045592e+04 1.215935352626861277e+04 1.120503205346070717e+04 9.485388032006265348e+03 6.563276475467989258e+03 4.485643390096503026e+03 2.466214563617996191e+03 3.795981880725921656e+03
6.160666911886107300e+03 7.683452502399566583e+03 9.578395765794128238e+03 1.133788381519241375e+04 1.283093767820829817e+04 1.271044121186538723e+04 1.233887323340927651e+04 1.032797775084929162e+04 7.326365815593304433e+03 3.637112739192814843e+03 2.381113386490572339e+03 3.489845273257786175e+03
5.484541767971271838e+03 7.576051417257620415e+03 9.712886288825759038e+03 1.135738577451282254e+04 1.249895579550416369e+04 1.213358153690089603e+04 1.215100919930299096e+04 9.872812211143644163e+03 6.739907280836173413e+03 3.349719785040404531e+03 2.262224446192932646e+03 3.443612488720075362e+03
5.712952741643723130e+03 7.713667690613324339e+03 9.538192593773494082e+03 1.156268972749062959e+04 1.291529164628895705e+04 1.286023617213951547e+04 1.181282154559145238e+04 1.001644069312002102e+04 7.379744771223380667e+03 4.021822411488271428e+03 2.229835088116257339e+03 3.418279722468776981e+03
5.595422924249403877e+03 7.414955533923167422e+03 9.130772241189039050e+03 1.082068501160952110e+04 1.243009858994570459e+04 1.264524614302766349e+04 1.257082640899232683e+04 1.018255876352946507e+04 6.117626708853893433e+03 3.499132732633776868e+03 2.782863940143968648e+03 3.754104781318636469e+03
6.034168015547216783e+03 8.222462195549183889e+03 9.958106113660083793e+03 1.153140868274012246e+04 1.271675172000444945e+04 1.248226770241339000e+04 1.217951915961817394e+04 1.043503207121666856e+04 8.218643064704901917e+03 3.598159359052028776e+03 2.234576248119245065e+03 3.294350190234771617e+03
5.855066445120566641e+03 8.125321970625523136e+03 1.003436096873703718e+04 1.225961949412355716e+04 1.360985009098779483e+04 1.335564603327920122e+04 1.217488773445921288e+04 1.115174925848132443e+04 9.671678273826448276e+03 4.963493854640002610e+03 2.931177149778759940e+03 3.493609823341975698e+03
5.734325695028456721e+03 7.732603687536085090e+03 9.924214284569030497e+03 1.203628081183897666e+04 1.313904166757770872e+04 1.342087485846465097e+04 1.277698054430841330e+04 1.175393359358349335e+04 7.996706398766881648e+03 3.741435464528654848e+03 2.208930581291242106e+03 3.929765757054784899e+03
6.491873145596608083e+03 8.457175255421681868e+03 1.073324241567410354e+04 1.300179788243270013e+04 1.426523772180197557e+04 1.440717563265079662e+04 1.279976076539855239e+04 1.139720605388350123e+04 8.635325323279548684e+03 3.946972983112129896e+03 3.172420497486376917e+03 4.187471735627420458e+03
6.161808178522622256e+03 8.359454887420402883e+03 1.020827043860280901e+04 1.232740226011827872e+04 1.384920729703392499e+04 1.346364250173227811e+04 1.306922124122400237e+04 1.139637821267920663e+04 8.092715957770452405e+03 4.131340080147761910e+03 2.220845497827050622e+03 3.955571723330737314e+03
5.867554082323180410e+03 8.136451558096940971e+03 1.020823358852408819e+04 1.223812378227509180e+04 1.371096620949131830e+04 1.339170928717094830e+04 1.197449720780381904e+04 1.117635379802450916e+04 8.369957286716471572e+03 4.725647860210221552e+03 3.453752093140736633e+03 4.511498123056897384e+03
6.370627797614642986e+03 8.203365610726532395e+03 1.048097853423996821e+04 1.240442589376978140e+04 1.357402096134420935e+04 1.525514011063334328e+04 1.233012051844252710e+04 1.048605929204929998e+04 1.064666039710003315e+04 5.954843126437813225e+03 3.084323470056199767e+03 4.364292683925457823e+03
6.945412209955002254e+03 8.789671567278575822e+03 1.060304173792592519e+04 1.273892787678077730e+04 1.405707424880980034e+04 1.430109167191488814e+04 1.296339875967197077e+04 9.667738127450329557e+03 7.850157843191686879e+03 4.306001288706680498e+03 3.048110009911053112e+03 4.504250569586228266e+03
7.182661100597930272e+03 9.072953844580550140e+03 1.070871293835145661e+04 1.257690884372241089e+04 1.410673680424046870e+04 1.380135366372843964e+04 1.346693971423445146e+04 1.047845235656099794e+04 5.925357522636327303e+03 3.133544298903325398e+03 2.002297151770825621e+03 3.029564908600873423e+03
4.813199074282182664e+03 6.969328432202501062e+03 9.149923899547107794e+03 1.122428759399324372e+04 1.257400273633282814e+04 1.231605728724237269e+04 1.154571333492140730e+04 1.019004558602050929e+04 7.230583800783782863e+03 3.677515335776985467e+03 2.374948830459349210e+03 3.700337221636495997e+03
5.734966913847520118e+03 7.704554765183834206e+03 9.703114894281872694e+03 1.187225240695795219e+04 1.331490747978623403e+04 1.327120785570272892e+04 1.321438313688707240e+04 9.910273256603366463e+03 6.750158164485399539e+03 3.127204326741092245e+03 2.448715382390739705e+03 3.064666058332417833e+03
5.199897230244247112e+03 7.423422805085490836e+03 9.467899427778762401e+03 1.127643433737005944e+04 1.238799024029042812e+04 1.309775062725632415e+04 1.161507995351658610e+04 9.919561890225617390e+03 6.525513196128658819e+03 3.540452769090703896e+03 2.141757340702025431e+03 3.476176196576449911e+03
5.583370628471692726e+03 7.676806396812000457e+03 9.667395207336239764e+03 1.150457006362739048e+04 1.274228151620932113e+04 1.306028613967891033e+04 1.143205027739838624e+04 1.040935901518648825e+04 8.951118957089980540e+03 4.305426315178932782e+03 2.484406460487691220e+03 4.005726641184401615e+03
6.053113230264661070e+03 7.906125950049918174e+03 1.003833013366638261e+04 1.202100321465923844e+04 1.348549891675481740e+04 1.296619510525445367e+04 1.273122347899789565e+04 1.174295085045465385e+04 7.943420164715455030e+03 4.225595851926043906e+03 2.818327832464502080e+03 4.178655440342314250e+03
6.394089744052358583e+03 8.314209977972035631e+03 1.000179391026718804e+04 1.177350405151760242e+04 1.327898515644647705e+04 1.300753998618234982e+04 1.223933348553071664e+04 1.028319643984720642e+04 8.143408939179007575e+03 5.224830478273508561e+03 3.082589342863937418e+03 3.789019986705355223e+03
5.914936598419061738e+03 8.146349886909608358e+03 9.913173326557225664e+03 1.181829372919239177e+04 1.342807046112237003e+04 1.374245158599751994e+04 1.376460210496975014e+04 1.177517244166608361e+04 7.930052412307890336e+03 4.355315028947010433e+03 2.495627408363019185e+03 3.916200538307649367e+03
5.696115749267963110e+03 7.654130213843610363e+03 9.523767016743293425e+03 1.161923372404154725e+04 1.318868580160136662e+04 1.334309729291789881e+04 1.251700406915712483e+04 1.143667393851006273e+04 8.337145378656534376e+03 3.940668397169821219e+03 2.037652592146912866e+03 3.446745667777156086e+03
5.683899183889656342e+03 7.664823668992059538e+03 9.353033709939152686e+03 1.130332563747610766e+04 1.271244890077197488e+04 1.254319643272955000e+04 1.209504447525241449e+04 9.964060451455157818e+03 6.384540272091175211e+03 3.718392753758127128e+03 2.037959512393832028e+03 3.607817874116676649e+03
5.442912814423447344e+03 7.411035427285974038e+03 9.237232903064916172e+03 1.124870296748567489e+04 1.279278918620977674e+04 1.256962893992506179e+04 1.260412261063560436e+04 9.763704134634168440e+03 5.935867141843076752e+03 3.675819661945831285e+03 2.107223897433956154e+03 3.615601363202766606e+03
5.535515145113478866e+03 7.663009685531448667e+03 9.209605765178479487e+03 1.086598588961019050e+04 1.235620025312753751e+04 1.207606238935378860e+04 1.176799627420871366e+04 1.013810744149585298e+04 6.534904967087641126e+03 3.900663237953177486e+03 2.744965538065289820e+03 4.070826544841180294e+03
5.630459916239573431e+03 7.351900533601296956e+03 9.270034957932071848e+03 1.119081522698785921e+04 1.232313936612621001e+04 1.212106818909958383e+04 1.192002748265522860e+04 1.189850731383422681e+04 7.922268770667642457e+03 4.799818209903367460e+03 2.902688149986719964e+03 2.984176395451094322e+03
4.665003458596018390e+03 7.839967975689685773e+03 9.484573177446738555e+03 1.075794898542771080e+04 1.219077958513242993e+04 1.201882000035736019e+04 1.087365156151138581e+04 1.024508620726141635e+04 6.412873477554670899e+03 3.081668353712920180e+03 1.592875981729320756e+03 3.084798481777171673e+03
5.367281673512215093e+03 7.258408524321220284e+03 8.851490396862549460e+03 1.088609649634195739e+04 1.184108615344239115e+04 1.160594536394062197e+04 1.150213284618722719e+04 1.009378600125435696e+04 6.941766671486370797e+03 4.138181675281563912e+03 2.553800228507319844e+03 3.618603213759535720e+03
5.464814040370905786e+03 7.386850628324041281e+03 9.476699415427272470e+03 1.133804462671091824e+04 1.237322838158314153e+04 1.242287368832975153e+04 1.173851780465014599e+04 1.093908657169249273e+04 8.216810999516257652e+03 3.660053529613098362e+03 1.885530088391446952e+03 3.367979609809554404e+03
5.446849528294143965e+03 7.502845817159353828e+03 9.342057509277210556e+03 1.130144494813414894e+04 1.242981490165590913e+04 1.230390937962508360e+04 1.165080344425439762e+04 1.066649694485578766e+04 7.900446834095541817e+03 3.880102406841885568e+03 1.920143786689449371e+03 3.354654249913300191e+03
5.485571696765303386e+03 7.693491954657555652e+03 9.619793652587763063e+03 1.181564978421637898e+04 1.293451849425671571e+04 1.231849416420710622e+04 1.158398937037025644e+04 9.418228797015857708e+03 6.625835382858836965e+03 3.514486698810319467e+03 2.387160589321792941e+03 3.310070664283864062e+03
5.300248611774637538e+03 7.470985749957463668e+03 9.753290930507879239e+03 1.151764434070362586e+04 1.294959254159762895e+04 1.291739879254809057e+04 1.131448166395416411e+04 9.949989207781520236e+03 8.003141270317490125e+03 3.946103914781012008e+03 2.549598579010571939e+03 4.079499404242731543e+03
6.229362305567185103e+03 8.309974297826647671e+03 1.013297506830533166e+04 1.198238494700204683e+04 1.362965555854184640e+04 1.388815293624790866e+04 1.267080431900776239e+04 1.063677081247419665e+04 8.556111385845186305e+03 4.232316675802997452e+03 2.531123107478560087e+03 3.756352229372722832e+03
5.832753004298303495e+03 7.984287995629687430e+03 9.858119944594505796e+03 1.152859267472737520e+04 1.286360609521598963e+04 1.303356067145372072e+04 1.281703924665639533e+04 1.056544085765697491e+04 7.704412465302530109e+03 4.701387214795449836e+03 3.101584728620736314e+03 4.348678148434146351e+03
6.859729233067518180e+03 8.718282399769006588e+03 1.076744451573590777e+04 1.281539053462354423e+04 1.415379006916487924e+04 1.364520524855714393e+04 1.283333467976762404e+04 1.006434067956951185e+04 8.634792655434790504e+03 4.808917730312942695e+03 3.479005155161465154e+03 4.459631112962116276e+03
6.806407815560112795e+03 8.830611843964123182e+03 1.050741544640214488e+04 1.224601490757128522e+04 1.358065418781105291e+04 1.392763572282032328e+04 1.258046776572319686e+04 1.239274448147071962e+04 9.712907548712186326e+03 5.884955674002952946e+03 2.284128547930024979e+03 3.622486528095406811e+03
5.869521330469955501e+03 7.740501276044778933e+03 9.568807500445036567e+03 1.168329071092186132e+04 1.240216264623751704e+04 1.240409409384305400e+04 1.207459477432907079e+04 9.595745691796577375e+03 8.044311408829322318e+03 4.776903165419049401e+03 2.526532612429785786e+03 3.892861476877061250e+03
6.282137929683897710e+03 8.220327611643275304e+03 1.018152306119249079e+04 1.196940653361278783e+04 1.366344519009231590e+04 1.340236210617109828e+04 1.290437494048532972e+04 1.024914958277978440e+04 7.625727945805964737e+03 4.014584481923679050e+03 3.041576878436664174e+03 4.204511449319124949e+03
6.177194089282114874e+03 8.384765815067999938e+03 1.050143847028569326e+04 1.248427438773960239e+04 1.381525890867275848e+04 1.338252773378524216e+04 1.243413697868517011e+04 1.097068352140831848e+04 7.950701367952025976e+03 3.831940896763091587e+03 3.313571022777902726e+03 4.917448299328811117e+03
