1.950000000000000000e+03 1.509877777099609375e+04 1.785385513305664062e+04 2.016843986511230469e+04 2.131380653381347656e+04 1.987104225158691406e+04 1.552279281616210938e+04 9.888576507568359375e+03 6.224835395812988281e+03 4.948501110076904297e+03 5.764573097229003906e+03 7.781169414520263672e+03 1.106181335449218750e+04
1.951000000000000000e+03 1.488540840148925781e+04 1.777135467529296875e+04 2.032936477661132812e+04 2.170245170593261719e+04 2.034396743774414062e+04 1.553384494781494141e+04 9.778599739074707031e+03 5.903397083282470703e+03 4.685812473297119141e+03 5.184508800506591797e+03 7.510469913482666016e+03 1.068000507354736328e+04
1.952000000000000000e+03 1.462348461151123047e+04 1.765177536010742188e+04 2.008700180053710938e+04 2.123313140869140625e+04 1.967153739929199219e+04 1.536674976348876953e+04 1.013086509704589844e+04 6.603698253631591797e+03 5.431019783020019531e+03 6.181434631347656250e+03 8.262920379638671875e+03 1.132458686828613281e+04
1.953000000000000000e+03 1.495204639434814453e+04 1.810617446899414062e+04 2.053288841247558594e+04 2.154803848266601562e+04 1.992399215698242188e+04 1.535308265686035156e+04 9.669864654541015625e+03 5.877031803131103516e+03 4.956994056701660156e+03 5.556862831115722656e+03 7.507380485534667969e+03 1.133114910125732422e+04
1.954000000000000000e+03 1.520190906524658203e+04 1.865849685668945312e+04 2.097785377502441406e+04 2.202928733825683594e+04 2.069904899597167969e+04 1.646390724182128906e+04 1.088754749298095703e+04 6.989566802978515625e+03 5.799394130706787109e+03 6.625507354736328125e+03 8.863879203796386719e+03 1.201935863494873047e+04
1.955000000000000000e+03 1.584939670562744141e+04 1.887006568908691406e+04 2.082266616821289062e+04 2.176726722717285156e+04 2.032001304626464844e+04 1.575806331634521484e+04 1.002692222595214844e+04 6.445472240447998047e+03 5.573717117309570312e+03 6.437349796295166016e+03 8.661384582519531250e+03 1.174291419982910156e+04
1.956000000000000000e+03 1.553860950469970703e+04 1.863645362854003906e+04 2.137295341491699219e+04 2.278881454467773438e+04 2.126537704467773438e+04 1.645465850830078125e+04 1.074832534790039062e+04 7.115092277526855469e+03 5.752618789672851562e+03 6.555776119232177734e+03 8.852046966552734375e+03 1.184789848327636719e+04
1.957000000000000000e+03 1.547337913513183594e+04 1.806015014648437500e+04 2.031357383728027344e+04 2.159820175170898438e+04 2.016469764709472656e+04 1.559880065917968750e+04 9.843945503234863281e+03 6.341304779052734375e+03 5.313468456268310547e+03 6.152266025543212891e+03 8.348458290100097656e+03 1.145226860046386719e+04
1.958000000000000000e+03 1.512238025665283203e+04 1.813426399230957031e+04 2.025243759155273438e+04 2.124838447570800781e+04 1.994977760314941406e+04 1.575786876678466797e+04 1.050458908081054688e+04 6.887466907501220703e+03 5.766109943389892578e+03 6.478427886962890625e+03 8.480430603027343750e+03 1.144609737396240234e+04
1.959000000000000000e+03 1.481950569152832031e+04 1.783818626403808594e+04 1.986876106262207031e+04 2.062038993835449219e+04 1.918454933166503906e+04 1.460427474975585938e+04 9.217589378356933594e+03 5.745203018188476562e+03 4.509963989257812500e+03 5.220999240875244141e+03 7.093936920166015625e+03 1.005460071563720703e+04
