1.950000000000000000e+03 1.413489437103271484e+04 1.731902313232421875e+04 1.984693908691406250e+04 2.078838157653808594e+04 1.917651557922363281e+04 1.488355350494384766e+04 9.944460868835449219e+03 6.682023048400878906e+03 5.575761795043945312e+03 6.184810161590576172e+03 8.164445877075195312e+03 1.139515590667724609e+04
1.951000000000000000e+03 1.445300197601318359e+04 1.707095718383789062e+04 1.935985755920410156e+04 2.040295410156250000e+04 1.893253135681152344e+04 1.465175342559814453e+04 9.339773178100585938e+03 5.804039001464843750e+03 4.796780586242675781e+03 5.481855869293212891e+03 7.492218494415283203e+03 1.081549835205078125e+04
1.952000000000000000e+03 1.436330890655517578e+04 1.763891792297363281e+04 2.015626144409179688e+04 2.106292152404785156e+04 1.936590766906738281e+04 1.449698638916015625e+04 9.033109664916992188e+03 5.449487686157226562e+03 4.182438850402832031e+03 4.781530380249023438e+03 6.850978374481201172e+03 9.717738151550292969e+03
1.953000000000000000e+03 1.298448848724365234e+04 1.615163421630859375e+04 1.863485145568847656e+04 1.977606964111328125e+04 1.845531082153320312e+04 1.421491909027099609e+04 8.662295341491699219e+03 4.953556537628173828e+03 3.685796499252319336e+03 4.380992412567138672e+03 6.738691329956054688e+03 1.068566703796386719e+04
1.954000000000000000e+03 1.440517139434814453e+04 1.736991882324218750e+04 1.973876953125000000e+04 2.087841415405273438e+04 1.945044517517089844e+04 1.524853420257568359e+04 9.549026489257812500e+03 5.755572319030761719e+03 4.820810317993164062e+03 5.547375679016113281e+03 7.439516067504882812e+03 1.082571029663085938e+04
1.955000000000000000e+03 1.459939384460449219e+04 1.772322654724121094e+04 2.013500213623046875e+04 2.107091331481933594e+04 1.952333068847656250e+04 1.508034038543701172e+04 9.974635124206542969e+03 6.507134437561035156e+03 5.287573814392089844e+03 5.925113677978515625e+03 7.586345195770263672e+03 1.101149272918701172e+04
1.956000000000000000e+03 1.499886226654052734e+04 1.831591224670410156e+04 2.080334472656250000e+04 2.214474487304687500e+04 2.063859558105468750e+04 1.619369888305664062e+04 1.059611797332763672e+04 6.891577243804931641e+03 5.733961105346679688e+03 6.531269550323486328e+03 8.876483917236328125e+03 1.223274517059326172e+04
1.957000000000000000e+03 1.575204658508300781e+04 1.844798660278320312e+04 2.049718856811523438e+04 2.137283134460449219e+04 1.989646148681640625e+04 1.546007442474365234e+04 9.768453598022460938e+03 5.732287883758544922e+03 4.602844715118408203e+03 5.379173278808593750e+03 7.870968818664550781e+03 1.143786811828613281e+04
1.958000000000000000e+03 1.508782291412353516e+04 1.821356773376464844e+04 2.046379661560058594e+04 2.145729637145996094e+04 1.994108200073242188e+04 1.552779006958007812e+04 1.034579277038574219e+04 7.000947952270507812e+03 5.906928539276123047e+03 6.639605998992919922e+03 8.902966499328613281e+03 1.190983390808105469e+04
1.959000000000000000e+03 1.542421531677246094e+04 1.847884368896484375e+04 2.074002265930175781e+04 2.177692985534667969e+04 2.045592308044433594e+04 1.604775619506835938e+04 1.041119384765625000e+04 6.728419780731201172e+03 5.725582599639892578e+03 6.458826065063476562e+03 8.461555480957031250e+03 1.141575145721435547e+04
