1.950000000000000000e+03 1.506334304809570312e+04 1.814363861083984375e+04 2.032175445556640625e+04 2.106125259399414062e+04 1.917365455627441406e+04 1.404845714569091797e+04 8.583243370056152344e+03 5.151271343231201172e+03 4.041006088256835938e+03 4.806198120117187500e+03 7.000496864318847656e+03 1.072992706298828125e+04
1.951000000000000000e+03 1.447974777221679688e+04 1.757738304138183594e+04 1.978336715698242188e+04 2.061815452575683594e+04 1.909594345092773438e+04 1.478153514862060547e+04 9.192318916320800781e+03 5.820119857788085938e+03 4.725627422332763672e+03 5.387603759765625000e+03 7.806474685668945312e+03 1.111989879608154297e+04
1.952000000000000000e+03 1.465942287445068359e+04 1.770046615600585938e+04 2.034203529357910156e+04 2.153643989562988281e+04 2.011207199096679688e+04 1.551798057556152344e+04 1.003623867034912109e+04 6.607638359069824219e+03 5.719274044036865234e+03 6.665714740753173828e+03 8.912960052490234375e+03 1.236672306060791016e+04
1.953000000000000000e+03 1.616477394104003906e+04 1.916192245483398438e+04 2.146511650085449219e+04 2.273583602905273438e+04 2.126622581481933594e+04 1.633801269531250000e+04 1.056598377227783203e+04 6.899572372436523438e+03 6.054826259613037109e+03 7.012598514556884766e+03 9.248471260070800781e+03 1.223788452148437500e+04
1.954000000000000000e+03 1.538866424560546875e+04 1.824234962463378906e+04 2.044872665405273438e+04 2.137331390380859375e+04 2.006551361083984375e+04 1.583559131622314453e+04 1.067732143402099609e+04 7.147237300872802734e+03 6.136825561523437500e+03 6.939577579498291016e+03 9.131363868713378906e+03 1.229863357543945312e+04
1.955000000000000000e+03 1.593253993988037109e+04 1.879149818420410156e+04 2.103266906738281250e+04 2.224842071533203125e+04 2.057047843933105469e+04 1.585060310363769531e+04 9.851943016052246094e+03 5.974866867065429688e+03 4.788846969604492188e+03 5.512453079223632812e+03 7.796393871307373047e+03 1.123866748809814453e+04
1.956000000000000000e+03 1.492002487182617188e+04 1.790764617919921875e+04 2.028997993469238281e+04 2.112761878967285156e+04 1.937546539306640625e+04 1.460537052154541016e+04 8.684410095214843750e+03 4.751850605010986328e+03 3.551860809326171875e+03 4.252486228942871094e+03 6.503142833709716797e+03 1.075486946105957031e+04
1.957000000000000000e+03 1.492319297790527344e+04 1.797241210937500000e+04 2.052800559997558594e+04 2.171404075622558594e+04 2.019448089599609375e+04 1.570245075225830078e+04 9.683373451232910156e+03 5.704935073852539062e+03 4.645840644836425781e+03 5.399402141571044922e+03 7.369875431060791016e+03 1.072299289703369141e+04
1.958000000000000000e+03 1.451119899749755859e+04 1.761157226562500000e+04 2.029772949218750000e+04 2.154728507995605469e+04 2.001991081237792969e+04 1.535897445678710938e+04 9.263008117675781250e+03 5.479766368865966797e+03 4.348873615264892578e+03 5.421843528747558594e+03 7.898453235626220703e+03 1.127405738830566406e+04
1.959000000000000000e+03 1.481357192993164062e+04 1.814907455444335938e+04 2.074908447265625000e+04 2.212112998962402344e+04 2.062008857727050781e+04 1.566056346893310547e+04 1.001627635955810547e+04 6.408848762512207031e+03 5.296823501586914062e+03 6.137076377868652344e+03 8.401564598083496094e+03 1.165990257263183594e+04
