1.950000000000000000e+03 1.548100185394287109e+04 1.859015083312988281e+04 2.080722618103027344e+04 2.169633865356445312e+04 2.034853935241699219e+04 1.619779586791992188e+04 1.076721286773681641e+04 6.920251369476318359e+03 5.608969688415527344e+03 6.469374179840087891e+03 8.691387176513671875e+03 1.189264583587646484e+04
1.951000000000000000e+03 1.544150257110595703e+04 1.842862892150878906e+04 2.086770439147949219e+04 2.197113418579101562e+04 2.028351402282714844e+04 1.528556537628173828e+04 9.496700286865234375e+03 5.656394004821777344e+03 4.424740314483642578e+03 5.086130142211914062e+03 7.298018932342529297e+03 1.068549537658691406e+04
1.952000000000000000e+03 1.471384334564208984e+04 1.799200248718261719e+04 2.047625541687011719e+04 2.157199859619140625e+04 1.991504096984863281e+04 1.551218509674072266e+04 9.916950225830078125e+03 6.101309299468994141e+03 4.894784927368164062e+03 5.624942779541015625e+03 7.971916198730468750e+03 1.097659301757812500e+04
1.953000000000000000e+03 1.451769542694091797e+04 1.760014152526855469e+04 1.968548583984375000e+04 2.061134338378906250e+04 1.928798484802246094e+04 1.491570758819580078e+04 9.034171104431152344e+03 5.129669666290283203e+03 3.776148080825805664e+03 4.492719173431396484e+03 6.960319995880126953e+03 1.084393024444580078e+04
1.954000000000000000e+03 1.481301403045654297e+04 1.806636810302734375e+04 2.057764625549316406e+04 2.179124069213867188e+04 2.008934783935546875e+04 1.535518932342529297e+04 9.896135330200195312e+03 6.512317657470703125e+03 5.512221336364746094e+03 6.439949512481689453e+03 9.142206192016601562e+03 1.258815097808837891e+04
1.955000000000000000e+03 1.655542755126953125e+04 1.945969390869140625e+04 2.176262474060058594e+04 2.286491775512695312e+04 2.164660072326660156e+04 1.726727104187011719e+04 1.173908805847167969e+04 7.764933109283447266e+03 6.286396026611328125e+03 7.073514461517333984e+03 9.264419555664062500e+03 1.232171916961669922e+04
1.956000000000000000e+03 1.610648155212402344e+04 1.927924156188964844e+04 2.166101074218750000e+04 2.272652435302734375e+04 2.117640876770019531e+04 1.664957427978515625e+04 1.107718849182128906e+04 7.073387145996093750e+03 5.792330741882324219e+03 6.850346565246582031e+03 9.371933937072753906e+03 1.267928123474121094e+04
1.957000000000000000e+03 1.614049148559570312e+04 1.863151550292968750e+04 2.078675270080566406e+04 2.174234199523925781e+04 2.013824272155761719e+04 1.550214958190917969e+04 9.825794219970703125e+03 6.070166110992431641e+03 4.810502052307128906e+03 5.676633834838867188e+03 8.193406105041503906e+03 1.161087322235107422e+04
1.958000000000000000e+03 1.519948863983154297e+04 1.821917343139648438e+04 2.085735893249511719e+04 2.183234977722167969e+04 1.984473228454589844e+04 1.475166606903076172e+04 8.772339820861816406e+03 5.135178565979003906e+03 4.144655704498291016e+03 5.010011672973632812e+03 7.001648902893066406e+03 1.010403442382812500e+04
1.959000000000000000e+03 1.433745384216308594e+04 1.767920875549316406e+04 2.022494316101074219e+04 2.148672103881835938e+04 1.999112319946289062e+04 1.534880256652832031e+04 9.725472450256347656e+03 6.137172222137451172e+03 5.238644599914550781e+03 6.384658336639404297e+03 8.763451576232910156e+03 1.242004680633544922e+04
