1.950000000000000000e+03 1.520245838165283203e+04 1.822253608703613281e+04 2.045602989196777344e+04 2.159793281555175781e+04 2.033324241638183594e+04 1.611576271057128906e+04 1.057411861419677734e+04 6.859880447387695312e+03 5.709859848022460938e+03 6.328849792480468750e+03 8.285046577453613281e+03 1.147844696044921875e+04
1.951000000000000000e+03 1.511282539367675781e+04 1.838768005371093750e+04 2.073948669433593750e+04 2.173117256164550781e+04 2.014702987670898438e+04 1.538697528839111328e+04 9.540124893188476562e+03 5.548170566558837891e+03 4.165344715118408203e+03 5.075623035430908203e+03 7.475592613220214844e+03 1.106093597412109375e+04
1.952000000000000000e+03 1.483129882812500000e+04 1.813711547851562500e+04 2.058197021484375000e+04 2.161037063598632812e+04 2.029654693603515625e+04 1.596573734283447266e+04 1.039690113067626953e+04 6.679923057556152344e+03 5.582405567169189453e+03 6.449323177337646484e+03 8.508913040161132812e+03 1.169696807861328125e+04
1.953000000000000000e+03 1.524127101898193359e+04 1.853631591796875000e+04 2.082157135009765625e+04 2.194008445739746094e+04 2.030424690246582031e+04 1.542943096160888672e+04 9.546202659606933594e+03 6.060820102691650391e+03 5.056009769439697266e+03 5.827577114105224609e+03 7.853674888610839844e+03 1.098105907440185547e+04
1.954000000000000000e+03 1.497386932373046875e+04 1.832811927795410156e+04 2.103762817382812500e+04 2.200045394897460938e+04 2.025530433654785156e+04 1.553558731079101562e+04 9.810773849487304688e+03 6.005979061126708984e+03 4.873343467712402344e+03 5.661359786987304688e+03 8.076558113098144531e+03 1.122945499420166016e+04
1.955000000000000000e+03 1.458406543731689453e+04 1.760863876342773438e+04 1.991217613220214844e+04 2.074403381347656250e+04 1.921164512634277344e+04 1.485221099853515625e+04 9.431690216064453125e+03 6.054215908050537109e+03 4.885739326477050781e+03 5.700251579284667969e+03 7.913088798522949219e+03 1.084505653381347656e+04
1.956000000000000000e+03 1.481589984893798828e+04 1.804695510864257812e+04 2.027247047424316406e+04 2.114011764526367188e+04 1.963157844543457031e+04 1.499826908111572266e+04 9.087539672851562500e+03 5.349255561828613281e+03 4.146741390228271484e+03 5.069076538085937500e+03 7.424236297607421875e+03 1.107714462280273438e+04
1.957000000000000000e+03 1.502512359619140625e+04 1.844098663330078125e+04 2.076136207580566406e+04 2.188545799255371094e+04 2.044355392456054688e+04 1.598399448394775391e+04 1.049985408782958984e+04 6.737459659576416016e+03 5.446537971496582031e+03 6.467951774597167969e+03 8.672995567321777344e+03 1.194458961486816406e+04
1.958000000000000000e+03 1.548893833160400391e+04 1.838001251220703125e+04 2.067338371276855469e+04 2.187158012390136719e+04 2.052787208557128906e+04 1.636076927185058594e+04 1.089032363891601562e+04 7.303378105163574219e+03 6.082443237304687500e+03 6.736520290374755859e+03 9.093592643737792969e+03 1.256363964080810547e+04
1.959000000000000000e+03 1.602609634399414062e+04 1.910326194763183594e+04 2.150220298767089844e+04 2.263687515258789062e+04 2.119254684448242188e+04 1.678869438171386719e+04 1.128324794769287109e+04 7.665206909179687500e+03 6.442162990570068359e+03 7.195627212524414062e+03 9.436423301696777344e+03 1.253473567962646484e+04
