1.950000000000000000e+03 1.496234416961669922e+04 1.826042556762695312e+04 2.081351852416992188e+04 2.191596984863281250e+04 2.037529754638671875e+04 1.573379898071289062e+04 1.035950183868408203e+04 6.865849971771240234e+03 5.718052387237548828e+03 6.567954540252685547e+03 8.776634216308593750e+03 1.204804992675781250e+04
1.951000000000000000e+03 1.581257343292236328e+04 1.877359771728515625e+04 2.110228729248046875e+04 2.185536384582519531e+04 1.998794555664062500e+04 1.529043102264404297e+04 9.565024375915527344e+03 5.903881549835205078e+03 4.915895462036132812e+03 5.555630683898925781e+03 7.585530281066894531e+03 1.134960174560546875e+04
1.952000000000000000e+03 1.538703155517578125e+04 1.902367591857910156e+04 2.156158828735351562e+04 2.245297813415527344e+04 2.095143127441406250e+04 1.646008872985839844e+04 1.066298007965087891e+04 6.750875473022460938e+03 5.466234207153320312e+03 6.428660869598388672e+03 8.719422340393066406e+03 1.177166175842285156e+04
1.953000000000000000e+03 1.552079772949218750e+04 1.826984596252441406e+04 2.066765594482421875e+04 2.178859519958496094e+04 2.036759376525878906e+04 1.593287181854248047e+04 1.064253139495849609e+04 7.394676208496093750e+03 6.106858253479003906e+03 7.055064201354980469e+03 9.544492721557617188e+03 1.297593212127685547e+04
1.954000000000000000e+03 1.655679893493652344e+04 1.983254623413085938e+04 2.220224189758300781e+04 2.319721412658691406e+04 2.172393035888671875e+04 1.700755500793457031e+04 1.130693912506103516e+04 7.267993927001953125e+03 6.064221858978271484e+03 7.052729129791259766e+03 9.454869270324707031e+03 1.275105285644531250e+04
1.955000000000000000e+03 1.645077896118164062e+04 1.939571189880371094e+04 2.176465415954589844e+04 2.295513153076171875e+04 2.132237815856933594e+04 1.607689857482910156e+04 1.012179660797119141e+04 6.465590000152587891e+03 5.477321624755859375e+03 6.085691452026367188e+03 8.111463546752929688e+03 1.150135612487792969e+04
1.956000000000000000e+03 1.549534225463867188e+04 1.840699195861816406e+04 2.068838691711425781e+04 2.172599792480468750e+04 2.042164421081542969e+04 1.573524856567382812e+04 1.009042930603027344e+04 6.382380962371826172e+03 5.149439811706542969e+03 5.992020606994628906e+03 8.219536781311035156e+03 1.198623466491699219e+04
1.957000000000000000e+03 1.543248748779296875e+04 1.817595100402832031e+04 2.060418128967285156e+04 2.154660415649414062e+04 1.971584892272949219e+04 1.493704891204833984e+04 9.150148391723632812e+03 5.343761444091796875e+03 4.172488689422607422e+03 4.981150627136230469e+03 7.235076904296875000e+03 1.069967174530029297e+04
1.958000000000000000e+03 1.475693035125732422e+04 1.791613769531250000e+04 2.064032554626464844e+04 2.202768707275390625e+04 2.079975318908691406e+04 1.648585128784179688e+04 1.122059154510498047e+04 7.550520896911621094e+03 6.631509304046630859e+03 7.260041236877441406e+03 9.164152145385742188e+03 1.232761096954345703e+04
1.959000000000000000e+03 1.601636886596679688e+04 1.927963447570800781e+04 2.187427139282226562e+04 2.293869972229003906e+04 2.120501327514648438e+04 1.654061508178710938e+04 1.135815429687500000e+04 7.898484230041503906e+03 6.577014923095703125e+03 7.168046474456787109e+03 9.389451980590820312e+03 1.253750324249267578e+04
