1.950000000000000000e+03 1.423062229156494141e+04 1.757767677307128906e+04 2.027349662780761719e+04 2.151278305053710938e+04 2.011299514770507812e+04 1.530978202819824219e+04 9.702325820922851562e+03 6.077411651611328125e+03 4.887929439544677734e+03 5.687599658966064453e+03 7.614456176757812500e+03 1.093428516387939453e+04
1.951000000000000000e+03 1.471778202056884766e+04 1.805183982849121094e+04 2.054868125915527344e+04 2.182192611694335938e+04 2.047341918945312500e+04 1.562915515899658203e+04 1.000615882873535156e+04 6.403297424316406250e+03 5.544477462768554688e+03 6.680802345275878906e+03 9.011932373046875000e+03 1.229971885681152344e+04
1.952000000000000000e+03 1.614630889892578125e+04 1.908474349975585938e+04 2.125558090209960938e+04 2.239262008666992188e+04 2.077777099609375000e+04 1.597411346435546875e+04 1.008424091339111328e+04 5.965958595275878906e+03 4.831042289733886719e+03 5.777249813079833984e+03 8.444911956787109375e+03 1.193928909301757812e+04
1.953000000000000000e+03 1.552158164978027344e+04 1.856974029541015625e+04 2.083174324035644531e+04 2.209511756896972656e+04 2.060450363159179688e+04 1.612378692626953125e+04 1.072144317626953125e+04 6.942317008972167969e+03 5.527514934539794922e+03 6.363409519195556641e+03 8.588570594787597656e+03 1.217551326751708984e+04
1.954000000000000000e+03 1.601575279235839844e+04 1.905970191955566406e+04 2.131345939636230469e+04 2.241337203979492188e+04 2.084392547607421875e+04 1.603060722351074219e+04 1.053127670288085938e+04 6.930737018585205078e+03 5.905058860778808594e+03 6.622669219970703125e+03 8.751400947570800781e+03 1.171978950500488281e+04
1.955000000000000000e+03 1.492183303833007812e+04 1.795746421813964844e+04 2.021977996826171875e+04 2.133250236511230469e+04 2.005756950378417969e+04 1.575428199768066406e+04 1.035505962371826172e+04 6.591993331909179688e+03 5.358466625213623047e+03 6.113247871398925781e+03 8.077831268310546875e+03 1.120201015472412109e+04
1.956000000000000000e+03 1.471898746490478516e+04 1.775917625427246094e+04 1.985860824584960938e+04 2.095725250244140625e+04 1.927061080932617188e+04 1.463690948486328125e+04 9.078191757202148438e+03 5.332150936126708984e+03 4.358261108398437500e+03 5.130859851837158203e+03 7.464666366577148438e+03 1.076406097412109375e+04
1.957000000000000000e+03 1.442728137969970703e+04 1.723867416381835938e+04 1.968352127075195312e+04 2.093376731872558594e+04 1.945277404785156250e+04 1.482304286956787109e+04 8.749736785888671875e+03 5.080690383911132812e+03 4.002130985260009766e+03 5.008164405822753906e+03 7.479756832122802734e+03 1.087191104888916016e+04
1.958000000000000000e+03 1.460533714294433594e+04 1.758760643005371094e+04 1.978613281250000000e+04 2.053300285339355469e+04 1.870152091979980469e+04 1.385811901092529297e+04 7.846814155578613281e+03 4.205844402313232422e+03 3.223445653915405273e+03 4.134012222290039062e+03 6.842138767242431641e+03 1.043065166473388672e+04
1.959000000000000000e+03 1.429063224792480469e+04 1.741682243347167969e+04 1.992238044738769531e+04 2.107635116577148438e+04 1.969857978820800781e+04 1.513136577606201172e+04 9.505194664001464844e+03 5.862777233123779297e+03 4.690396785736083984e+03 5.524456501007080078e+03 7.796678543090820312e+03 1.121125507354736328e+04
