1.950000000000000000e+03 1.477322101593017578e+04 1.779868316650390625e+04 2.004680252075195312e+04 2.113583946228027344e+04 1.975757598876953125e+04 1.543890094757080078e+04 1.032045173645019531e+04 6.718216419219970703e+03 5.425106525421142578e+03 6.252698898315429688e+03 8.726795196533203125e+03 1.221859550476074219e+04
1.951000000000000000e+03 1.600408554077148438e+04 1.898429679870605469e+04 2.133271980285644531e+04 2.228709602355957031e+04 2.060152244567871094e+04 1.589677429199218750e+04 1.021641635894775391e+04 6.397107124328613281e+03 5.265735626220703125e+03 5.932803153991699219e+03 8.199458122253417969e+03 1.159735870361328125e+04
1.952000000000000000e+03 1.510482120513916016e+04 1.841263389587402344e+04 2.069012069702148438e+04 2.150038337707519531e+04 1.970758438110351562e+04 1.494518280029296875e+04 9.322926521301269531e+03 5.700957298278808594e+03 4.814745903015136719e+03 5.779210567474365234e+03 8.054633140563964844e+03 1.153708839416503906e+04
1.953000000000000000e+03 1.518929576873779297e+04 1.809366416931152344e+04 2.004369163513183594e+04 2.116981697082519531e+04 1.960630798339843750e+04 1.485992050170898438e+04 9.096449851989746094e+03 5.457283020019531250e+03 4.418570995330810547e+03 5.283600330352783203e+03 7.461940288543701172e+03 1.087840175628662109e+04
1.954000000000000000e+03 1.461712455749511719e+04 1.745914649963378906e+04 1.987167549133300781e+04 2.091031837463378906e+04 1.902761840820312500e+04 1.430985832214355469e+04 9.166121482849121094e+03 5.636109352111816406e+03 4.304753303527832031e+03 5.235254764556884766e+03 7.673815727233886719e+03 1.072525405883789062e+04
1.955000000000000000e+03 1.424118232727050781e+04 1.694474411010742188e+04 1.931141662597656250e+04 2.047675132751464844e+04 1.923320198059082031e+04 1.480799007415771484e+04 9.220727920532226562e+03 5.541305065155029297e+03 4.391403675079345703e+03 5.338357448577880859e+03 7.641301631927490234e+03 1.155422401428222656e+04
1.956000000000000000e+03 1.556070804595947266e+04 1.870178222656250000e+04 2.114043235778808594e+04 2.242666244506835938e+04 2.089599800109863281e+04 1.616849136352539062e+04 1.015603256225585938e+04 6.478502273559570312e+03 5.556226730346679688e+03 6.316279411315917969e+03 8.118146896362304688e+03 1.124544811248779297e+04
1.957000000000000000e+03 1.506703567504882812e+04 1.804022026062011719e+04 2.042197608947753906e+04 2.128834724426269531e+04 1.969473457336425781e+04 1.507072162628173828e+04 9.531180381774902344e+03 5.994305610656738281e+03 4.931938648223876953e+03 5.791749000549316406e+03 7.915732383728027344e+03 1.129426574707031250e+04
1.958000000000000000e+03 1.502765846252441406e+04 1.844177436828613281e+04 2.067194366455078125e+04 2.181513214111328125e+04 2.032904624938964844e+04 1.610085678100585938e+04 1.075759220123291016e+04 6.959101676940917969e+03 5.570952892303466797e+03 6.362524509429931641e+03 8.237457275390625000e+03 1.143433189392089844e+04
1.959000000000000000e+03 1.521130371093750000e+04 1.835497283935546875e+04 2.080509567260742188e+04 2.203203392028808594e+04 2.054894256591796875e+04 1.589355373382568359e+04 1.014802742004394531e+04 5.929802417755126953e+03 4.702376842498779297e+03 5.706552028656005859e+03 7.961172103881835938e+03 1.134524345397949219e+04
